0.172,  0.456,  0.176,  0.457,  0.512,  0.174,  0.515,  0.467,  0.165,  0.164,
0.172,  0.456,  0.176,  0.457,  0.512,  0.174,  0.516,  0.466,  0.165,  0.164,
0.172,  0.456,  0.176,  0.457,  0.512,  0.174,  0.515,  0.466,  0.165,  0.163,
0.172,  0.457,  0.176,  0.457,  0.512,  0.173,  0.516,  0.466,  0.165,  0.163,
0.172,  0.456,  0.176,  0.457,  0.512,  0.172,  0.515,  0.466,  0.165,  0.163,
0.173,  0.456,  0.176,  0.457,  0.512,  0.173,  0.515,  0.466,  0.165,  0.163,
0.173,  0.456,  0.176,  0.457,  0.512,  0.173,  0.516,  0.466,  0.165,  0.164,
0.173,  0.456,  0.176,  0.457,  0.512,  0.173,  0.516,  0.466,  0.165,  0.164,
0.172,  0.456,  0.176,  0.457,  0.512,  0.173,  0.515,  0.466,  0.165,  0.164,
0.173,  0.456,  0.176,  0.457,  0.512,  0.173,  0.515,  0.467,  0.165,  0.164,
0.173,  0.456,  0.176,  0.457,  0.512,  0.174,  0.515,  0.466,  0.165,  0.163,
0.173,  0.456,  0.176,  0.457,  0.512,  0.173,  0.515,  0.467,  0.165,  0.164,
0.173,  0.456,  0.176,  0.457,  0.512,  0.173,  0.515,  0.467,  0.165,  0.164,
0.173,  0.456,  0.176,  0.457,  0.512,  0.172,  0.515,  0.467,  0.165,  0.164,
0.173,  0.456,  0.176,  0.457,  0.512,  0.172,  0.516,  0.467,  0.165,  0.164,
0.173,  0.456,  0.176,  0.457,  0.512,  0.171,  0.515,  0.467,  0.165,  0.164,
0.172,  0.456,  0.176,  0.457,  0.512,  0.172,  0.516,  0.467,  0.165,  0.163,
0.172,  0.456,  0.176,  0.457,  0.512,  0.172,  0.515,  0.467,  0.165,  0.163,
0.172,  0.455,  0.176,  0.457,  0.512,  0.171,  0.514,  0.467,  0.165,  0.163,
0.173,  0.456,  0.176,  0.457,  0.512,  0.171,  0.515,  0.467,  0.165,  0.163,
0.173,  0.456,  0.176,  0.457,  0.512,  0.171,  0.515,  0.467,  0.165,  0.163,
0.172,  0.456,  0.176,  0.457,  0.512,  0.171,  0.515,  0.467,  0.165,  0.163,
0.172,  0.456,  0.176,  0.457,  0.512,  0.172,  0.516,  0.467,  0.165,  0.163,
0.172,

InterpolateFloat Test01
Sep 13 2018 22:26:04
0.022,  0.057,  0.022,  0.057,  0.064,  0.022,  0.065,  0.059,  0.020,  0.021,
0.041,  0.107,  0.041,  0.107,  0.120,  0.041,  0.122,  0.110,  0.038,  0.038,
0.057,  0.150,  0.058,  0.151,  0.169,  0.058,  0.171,  0.154,  0.054,  0.054,
0.072,  0.188,  0.073,  0.189,  0.212,  0.072,  0.214,  0.193,  0.068,  0.068,
0.084,  0.222,  0.086,  0.222,  0.249,  0.085,  0.251,  0.227,  0.080,  0.080,
0.095,  0.252,  0.097,  0.252,  0.282,  0.097,  0.284,  0.257,  0.091,  0.090,
0.105,  0.277,  0.107,  0.277,  0.311,  0.107,  0.312,  0.284,  0.100,  0.100,
0.113,  0.300,  0.116,  0.300,  0.336,  0.116,  0.337,  0.306,  0.109,  0.108,
0.120,  0.319,  0.123,  0.319,  0.358,  0.123,  0.359,  0.327,  0.115,  0.115,
0.127,  0.336,  0.130,  0.336,  0.377,  0.130,  0.378,  0.344,  0.122,  0.121,
0.133,  0.351,  0.136,  0.351,  0.394,  0.135,  0.395,  0.360,  0.127,  0.127,
0.138,  0.364,  0.141,  0.365,  0.409,  0.140,  0.409,  0.373,  0.132,  0.131,
0.142,  0.375,  0.145,  0.376,  0.422,  0.145,  0.423,  0.385,  0.136,  0.135,
0.146,  0.385,  0.149,  0.386,  0.433,  0.148,  0.434,  0.395,  0.139,  0.139,
0.149,  0.394,  0.152,  0.395,  0.443,  0.150,  0.445,  0.404,  0.143,  0.142,
0.152,  0.402,  0.155,  0.402,  0.452,  0.154,  0.453,  0.412,  0.145,  0.144,
0.155,  0.409,  0.158,  0.409,  0.459,  0.156,  0.460,  0.419,  0.148,  0.147,
0.157,  0.415,  0.160,  0.415,  0.466,  0.159,  0.466,  0.425,  0.150,  0.149,
0.159,  0.420,  0.162,  0.420,  0.471,  0.160,  0.471,  0.430,  0.152,  0.151,
0.161,  0.424,  0.164,  0.425,  0.477,  0.162,  0.478,  0.435,  0.153,  0.152,
0.162,  0.428,  0.165,  0.429,  0.481,  0.164,  0.482,  0.438,  0.155,  0.154,
0.163,  0.432,  0.166,  0.432,  0.485,  0.165,  0.486,  0.442,  0.156,  0.155,
0.164,  0.435,  0.168,  0.435,  0.488,  0.166,  0.490,  0.445,  0.157,  0.156,
0.165,  0.438,  0.169,  0.438,  0.491,  0.166,  0.492,  0.448,  0.158,  0.157,
0.166,  0.440,  0.170,  0.440,  0.494,  0.167,  0.495,  0.450,  0.159,  0.158,
0.167,  0.442,  0.171,  0.442,  0.496,  0.168,  0.499,  0.452,  0.160,  0.159,
0.168,  0.444,  0.171,  0.444,  0.498,  0.169,  0.500,  0.454,  0.160,  0.160,
0.168,  0.446,  0.172,  0.446,  0.500,  0.170,  0.503,  0.456,  0.161,  0.160,
0.169,  0.447,  0.173,  0.447,  0.502,  0.171,  0.504,  0.457,  0.161,  0.160,
0.169,  0.448,  0.173,  0.448,  0.503,  0.171,  0.505,  0.458,  0.162,  0.161,
0.170,  0.449,  0.174,  0.449,  0.504,  0.172,  0.506,  0.460,  0.162,  0.161,
0.170,  0.450,  0.174,  0.450,  0.505,  0.171,  0.508,  0.461,  0.162,  0.161,
0.170,  0.451,  0.174,  0.451,  0.506,  0.171,  0.509,  0.461,  0.163,  0.161,
0.171,  0.451,  0.174,  0.452,  0.507,  0.172,  0.510,  0.462,  0.163,  0.162,
0.171,  0.452,  0.175,  0.453,  0.507,  0.172,  0.510,  0.463,  0.163,  0.162,
0.171,  0.452,  0.175,  0.453,  0.508,  0.173,  0.510,  0.463,  0.164,  0.162,
0.171,  0.453,  0.175,  0.453,  0.508,  0.173,  0.511,  0.464,  0.164,  0.162,
0.171,  0.453,  0.176,  0.454,  0.509,  0.173,  0.513,  0.464,  0.164,  0.163,
0.172,  0.454,  0.175,  0.454,  0.510,  0.173,  0.514,  0.465,  0.164,  0.163,
0.172,  0.454,  0.176,  0.454,  0.510,  0.172,  0.513,  0.465,  0.164,  0.163,
0.172,  0.455,  0.176,  0.455,  0.510,  0.173,  0.514,  0.465,  0.164,  0.163,
0.172,  0.455,  0.176,  0.455,  0.510,  0.174,  0.514,  0.465,  0.164,  0.163,
0.172,  0.455,  0.176,  0.455,  0.511,  0.173,  0.514,  0.466,  0.164,  0.163,
0.172,  0.455,  0.176,  0.455,  0.511,  0.174,  0.514,  0.466,  0.164,  0.163,
0.172,  0.455,  0.176,  0.456,  0.511,  0.173,  0.515,  0.466,  0.165,  0.163,
0.172,  0.455,  0.176,  0.456,  0.511,  0.173,  0.515,  0.466,  0.165,  0.163,
0.172,  0.455,  0.176,  0.456,  0.512,  0.174,  0.514,  0.466,  0.165,  0.164,
0.172,  0.456,  0.176,  0.456,  0.512,  0.175,  0.515,  0.467,  0.165,  0.164,
0.173,  0.456,  0.176,  0.456,  0.512,  0.175,  0.516,  0.467,  0.165,  0.164,
0.173,  0.456,  0.176,  0.456,  0.512,  0.174,  0.516,  0.467,  0.165,  0.164,
0.173,  0.456,  0.176,  0.456,  0.512,  0.174,  0.515,  0.467,  0.165,  0.164,
0.172,  0.455,  0.176,  0.456,  0.512,  0.174,  0.514,  0.467,  0.165,  0.164,
0.173,  0.456,  0.176,  0.456,  0.512,  0.174,  0.514,  0.467,  0.165,  0.164,
0.172,  0.456,  0.176,  0.456,  0.512,  0.174,  0.513,  0.467,  0.165,  0.164,
0.173,  0.456,  0.176,  0.456,  0.512,  0.174,  0.514,  0.467,  0.165,  0.164,
0.172,  0.456,  0.177,  0.456,  0.512,  0.174,  0.514,  0.467,  0.165,  0.163,
0.173,  0.456,  0.177,  0.457,  0.512,  0.174,  0.514,  0.467,  0.165,  0.163,
0.173,  0.456,  0.177,  0.457,  0.512,  0.174,  0.514,  0.467,  0.165,  0.163,
0.173,  0.456,  0.177,  0.457,  0.512,  0.175,  0.515,  0.467,  0.165,  0.163,
0.173,  0.456,  0.177,  0.457,  0.512,  0.175,  0.514,  0.467,  0.165,  0.163,
0.173,  0.456,  0.177,  0.457,  0.512,  0.174,  0.514,  0.467,  0.165,  0.163,
0.173,  0.456,  0.177,  0.456,  0.512,  0.175,  0.514,  0.467,  0.165,  0.163,
0.173,  0.456,  0.177,  0.456,  0.512,  0.175,  0.514,  0.467,  0.165,  0.163,
0.173,  0.456,  0.177,  0.457,  0.512,  0.174,  0.514,  0.467,  0.165,  0.163,
0.173,  0.456,  0.177,  0.457,  0.512,  0.175,  0.515,  0.467,  0.165,  0.163,
0.173,  0.456,  0.177,  0.457,  0.512,  0.174,  0.516,  0.467,  0.165,  0.164,
0.173,  0.456,  0.177,  0.457,  0.512,  0.174,  0.517,  0.467,  0.165,  0.164,
0.173,  0.456,  0.177,  0.457,  0.512,  0.174,  0.516,  0.467,  0.165,  0.164,
0.173,  0.456,  0.177,  0.457,  0.513,  0.174,  0.515,  0.467,  0.165,  0.164,
0.173,  0.456,  0.177,  0.457,  0.513,  0.175,  0.514,  0.467,  0.165,  0.164,
0.173,  0.456,  0.177,  0.457,  0.512,  0.174,  0.515,  0.467,  0.165,  0.164,
0.173,  0.456,  0.177,  0.457,  0.512,  0.174,  0.514,  0.467,  0.165,  0.164,
0.173,  0.456,  0.177,  0.457,  0.512,  0.174,  0.515,  0.466,  0.165,  0.163,
0.172,  0.456,  0.177,  0.457,  0.512,  0.174,  0.516,  0.466,  0.165,  0.163,
0.173,  0.456,  0.177,  0.457,  0.512,  0.173,  0.514,  0.467,  0.164,  0.164,
0.173,  0.456,  0.177,  0.457,  0.512,  0.174,  0.516,  0.467,  0.165,  0.164,
0.172,  0.456,  0.177,  0.457,  0.512,  0.173,  0.515,  0.466,  0.165,  0.164,
0.172,  0.456,  0.176,  0.457,  0.512,  0.174,  0.515,  0.466,  0.165,  0.163,
0.172,  0.456,  0.177,  0.457,  0.512,  0.174,  0.515,  0.466,  0.165,  0.163,
0.173,  0.456,  0.177,  0.457,  0.512,  0.173,  0.514,  0.467,  0.165,  0.164,
0.172,  0.456,  0.177,  0.457,  0.512,  0.174,  0.514,  0.467,  0.165,  0.164,
0.172,  0.456,  0.177,  0.457,  0.512,  0.173,  0.513,  0.467,  0.165,  0.164,
0.172,  0.456,  0.177,  0.457,  0.512,  0.173,  0.513,  0.467,  0.165,  0.164,
0.172,  0.456,  0.177,  0.457,  0.512,  0.173,  0.513,  0.467,  0.165,  0.163,
0.172,  0.456,  0.177,  0.457,  0.512,  0.173,  0.514,  0.467,  0.165,  0.163,
0.172,  0.456,  0.177,  0.457,  0.512,  0.173,  0.513,  0.467,  0.165,  0.164,
0.172,  0.456,  0.177,  0.457,  0.512,  0.173,  0.513,  0.467,  0.165,  0.164,
0.172,  0.457,  0.177,  0.456,  0.512,  0.173,  0.513,  0.467,  0.164,  0.163,
0.173,  0.457,  0.177,  0.457,  0.512,  0.174,  0.512,  0.466,  0.164,  0.163,
0.172,  0.457,  0.177,  0.457,  0.512,  0.174,  0.513,  0.466,  0.164,  0.163,
0.173,  0.457,  0.177,  0.457,  0.512,  0.173,  0.513,  0.466,  0.164,  0.163,
0.172,  0.457,  0.176,  0.457,  0.512,  0.173,  0.513,  0.466,  0.165,  0.163,
0.173,  0.457,  0.177,  0.456,  0.512,  0.173,  0.514,  0.466,  0.165,  0.163,
0.173,  0.457,  0.177,  0.457,  0.512,  0.174,  0.513,  0.466,  0.165,  0.164,
0.173,  0.456,  0.177,  0.456,  0.512,  0.173,  0.514,  0.466,  0.165,  0.164,
0.173,  0.456,  0.176,  0.456,  0.512,  0.174,  0.513,  0.467,  0.165,  0.164,
0.172,  0.457,  0.176,  0.457,  0.512,  0.175,  0.514,  0.467,  0.165,  0.164,
0.173,  0.457,  0.176,  0.457,  0.512,  0.175,  0.514,  0.467,  0.165,  0.164,
0.173,  0.457,  0.176,  0.457,  0.512,  0.176,  0.514,  0.467,  0.165,  0.164,
0.173,  0.457,  0.176,  0.457,  0.512,  0.176,  0.515,  0.467,  0.165,  0.164,
0.173,  0.456,  0.176,  0.456,  0.512,  0.175,  0.516,  0.467,  0.165,  0.164,
0.173,  0.456,  0.176,  0.457,  0.512,  0.175,  0.516,  0.467,  0.165,  0.164,
0.173,  0.456,  0.176,  0.457,  0.513,  0.175,  0.517,  0.467,  0.165,  0.164,
0.173,  0.456,  0.176,  0.456,  0.513,  0.175,  0.517,  0.467,  0.165,  0.164,
0.173,  0.456,  0.176,  0.456,  0.512,  0.175,  0.517,  0.467,  0.165,  0.164,
0.173,  0.456,  0.176,  0.456,  0.512,  0.176,  0.516,  0.467,  0.165,  0.164,
0.173,  0.456,  0.176,  0.456,  0.512,  0.175,  0.516,  0.467,  0.165,  0.164,
0.173,  0.456,  0.176,  0.456,  0.512,  0.175,  0.515,  0.467,  0.165,  0.164,
0.173,  0.456,  0.176,  0.456,  0.512,  0.175,  0.514,  0.467,  0.165,  0.164,
0.173,  0.456,  0.176,  0.456,  0.513,  0.176,  0.514,  0.467,  0.165,  0.164,
0.173,  0.456,  0.176,  0.456,  0.513,  0.175,  0.513,  0.467,  0.165,  0.164,
0.173,  0.456,  0.176,  0.456,  0.512,  0.176,  0.515,  0.466,  0.165,  0.164,
0.173,  0.456,  0.176,  0.456,  0.512,  0.175,  0.514,  0.466,  0.165,  0.164,
0.173,  0.456,  0.176,  0.456,  0.512,  0.174,  0.515,  0.466,  0.165,  0.164,
0.173,  0.456,  0.176,  0.456,  0.512,  0.175,  0.515,  0.466,  0.165,  0.163,
0.173,  0.456,  0.176,  0.456,  0.513,  0.174,  0.515,  0.466,  0.165,  0.163,
0.172,  0.456,  0.176,  0.456,  0.512,  0.175,  0.516,  0.466,  0.165,  0.163,
0.172,  0.456,  0.177,  0.456,  0.512,  0.174,  0.516,  0.467,  0.165,  0.164,
0.173,  0.456,  0.176,  0.456,  0.512,  0.175,  0.516,  0.466,  0.165,  0.164,
0.173,  0.456,  0.176,  0.456,  0.512,  0.174,  0.515,  0.466,  0.165,  0.164,
0.173,  0.456,  0.176,  0.457,  0.512,  0.173,  0.516,  0.467,  0.165,  0.163,
0.173,  0.456,  0.176,  0.457,  0.512,  0.174,  0.516,  0.467,  0.165,  0.164,
0.173,  0.456,  0.176,  0.457,  0.512,  0.173,  0.516,  0.467,  0.165,  0.164,
0.173,  0.456,  0.176,  0.457,  0.512,  0.173,  0.515,  0.467,  0.165,  0.164,
0.173,  0.456,  0.176,  0.456,  0.512,  0.173,  0.514,  0.467,  0.165,  0.164,
0.173,  0.457,  0.176,  0.456,  0.512,  0.173,  0.515,  0.467,  0.165,  0.164,
0.173,  0.456,  0.176,  0.456,  0.512,  0.173,  0.515,  0.467,  0.165,  0.163,
0.173,  0.457,  0.176,  0.457,  0.512,  0.174,  0.516,  0.467,  0.165,  0.163,
0.172,  0.456,  0.176,  0.457,  0.512,  0.173,  0.516,  0.467,  0.165,  0.164,
0.173,  0.456,  0.176,  0.457,  0.512,  0.174,  0.517,  0.467,  0.165,  0.164,
0.173,  0.456,  0.176,  0.457,  0.512,  0.174,  0.517,  0.467,  0.165,  0.164,
0.172,  0.456,  0.176,  0.457,  0.512,  0.174,  0.517,  0.467,  0.165,  0.164,
0.172,  0.456,  0.176,  0.457,  0.512,  0.175,  0.517,  0.467,  0.165,  0.163,
0.172,  0.456,  0.176,  0.457,  0.512,  0.175,  0.516,  0.467,  0.165,  0.164,
0.172,  0.456,  0.176,  0.457,  0.512,  0.175,  0.515,  0.467,  0.165,  0.164,
0.172,  0.456,  0.176,  0.457,  0.512,  0.176,  0.516,  0.466,  0.165,  0.164,
0.172,  0.456,  0.176,  0.457,  0.512,  0.175,  0.515,  0.466,  0.165,  0.164,
0.172,  0.456,  0.176,  0.457,  0.512,  0.174,  0.515,  0.467,  0.165,  0.164,
0.172,  0.456,  0.176,  0.457,  0.512,  0.174,  0.515,  0.467,  0.165,  0.164,
0.172,  0.456,  0.176,  0.457,  0.512,  0.174,  0.514,  0.467,  0.165,  0.164,
0.172,  0.456,  0.176,  0.457,  0.512,  0.175,  0.515,  0.467,  0.165,  0.164,
0.172,  0.456,  0.176,  0.457,  0.512,  0.175,  0.514,  0.467,  0.165,  0.164,
0.172,  0.456,  0.176,  0.457,  0.512,  0.175,  0.513,  0.467,  0.165,  0.164,
0.173,  0.456,  0.176,  0.457,  0.512,  0.175,  0.514,  0.467,  0.165,  0.164,
0.173,  0.456,  0.176,  0.457,  0.512,  0.174,  0.514,  0.467,  0.165,  0.164,
0.173,  0.456,  0.176,  0.457,  0.512,  0.174,  0.515,  0.467,  0.165,  0.164,
0.173,  0.456,  0.176,  0.457,  0.512,  0.174,  0.514,  0.466,  0.165,  0.163,
0.173,  0.456,  0.176,  0.457,  0.512,  0.173,  0.515,  0.466,  0.165,  0.163,
0.173,  0.456,  0.176,  0.456,  0.512,  0.174,  0.516,  0.467,  0.165,  0.163,
0.173,  0.456,  0.176,  0.457,  0.512,  0.173,  0.515,  0.467,  0.165,  0.164,
0.173,  0.456,  0.176,  0.457,  0.512,  0.173,  0.515,  0.467,  0.165,  0.163,
0.173,  0.456,  0.176,  0.457,  0.512,  0.172,  0.515,  0.466,  0.165,  0.163,
0.172,  0.456,  0.176,  0.457,  0.512,  0.173,  0.516,  0.466,  0.165,  0.164,
0.171,  0.456,  0.176,  0.457,  0.512,  0.173,  0.515,  0.466,  0.165,  0.164,
0.170,  0.456,  0.176,  0.457,  0.512,  0.174,  0.516,  0.466,  0.165,  0.164,
0.168,  0.456,  0.176,  0.457,  0.512,  0.174,  0.517,  0.466,  0.165,  0.164,
0.165,  0.456,  0.176,  0.457,  0.512,  0.174,  0.517,  0.466,  0.165,  0.163,
0.162,  0.456,  0.176,  0.457,  0.513,  0.175,  0.516,  0.466,  0.165,  0.164,
0.157,  0.456,  0.176,  0.457,  0.513,  0.174,  0.515,  0.466,  0.165,  0.164,
0.153,  0.456,  0.176,  0.457,  0.513,  0.174,  0.515,  0.466,  0.165,  0.163,
0.148,  0.456,  0.176,  0.457,  0.513,  0.174,  0.515,  0.466,  0.165,  0.163,
0.143,  0.456,  0.176,  0.457,  0.513,  0.174,  0.516,  0.466,  0.165,  0.163,
0.137,  0.456,  0.176,  0.456,  0.513,  0.173,  0.515,  0.466,  0.165,  0.163,
0.131,  0.456,  0.176,  0.456,  0.513,  0.173,  0.514,  0.466,  0.165,  0.163,
0.124,  0.456,  0.176,  0.456,  0.513,  0.173,  0.515,  0.466,  0.165,  0.163,
0.118,  0.456,  0.176,  0.456,  0.513,  0.173,  0.516,  0.466,  0.165,  0.163,
0.110,  0.457,  0.176,  0.456,  0.513,  0.173,  0.514,  0.466,  0.165,  0.163,
0.102,  0.456,  0.176,  0.457,  0.513,  0.174,  0.515,  0.466,  0.165,  0.163,
0.094,  0.456,  0.176,  0.456,  0.513,  0.174,  0.514,  0.467,  0.164,  0.163,
0.086,  0.456,  0.176,  0.456,  0.513,  0.174,  0.514,  0.466,  0.164,  0.163,
0.078,  0.456,  0.176,  0.456,  0.513,  0.175,  0.513,  0.466,  0.165,  0.163,
0.069,  0.456,  0.176,  0.456,  0.513,  0.175,  0.514,  0.467,  0.165,  0.163,
0.060,  0.456,  0.176,  0.457,  0.513,  0.174,  0.515,  0.467,  0.165,  0.163,
0.053,  0.456,  0.176,  0.457,  0.513,  0.174,  0.514,  0.466,  0.165,  0.163,
0.046,  0.456,  0.176,  0.457,  0.513,  0.174,  0.514,  0.467,  0.165,  0.163,
0.040,  0.456,  0.176,  0.457,  0.513,  0.175,  0.514,  0.467,  0.165,  0.163,
0.035,  0.456,  0.176,  0.457,  0.513,  0.174,  0.515,  0.467,  0.165,  0.163,
0.031,  0.456,  0.176,  0.457,  0.513,  0.174,  0.515,  0.468,  0.165,  0.164,
0.027,  0.456,  0.176,  0.457,  0.513,  0.175,  0.516,  0.467,  0.165,  0.163,
0.024,  0.456,  0.176,  0.456,  0.512,  0.175,  0.515,  0.467,  0.165,  0.164,
0.021,  0.456,  0.176,  0.456,  0.512,  0.174,  0.514,  0.467,  0.165,  0.163,
0.018,  0.456,  0.176,  0.456,  0.512,  0.175,  0.515,  0.467,  0.165,  0.163,
0.016,  0.456,  0.176,  0.456,  0.512,  0.175,  0.516,  0.467,  0.165,  0.164,
0.014,  0.456,  0.176,  0.456,  0.512,  0.174,  0.516,  0.467,  0.164,  0.164,
0.012,  0.456,  0.176,  0.457,  0.513,  0.175,  0.515,  0.467,  0.165,  0.164,
0.011,  0.457,  0.176,  0.456,  0.512,  0.174,  0.515,  0.467,  0.165,  0.163,
0.013,  0.457,  0.176,  0.457,  0.512,  0.173,  0.514,  0.467,  0.165,  0.163,
0.016,  0.457,  0.176,  0.457,  0.512,  0.174,  0.514,  0.467,  0.165,  0.163,
0.020,  0.457,  0.176,  0.457,  0.512,  0.174,  0.513,  0.467,  0.165,  0.163,
0.026,  0.456,  0.176,  0.457,  0.513,  0.174,  0.513,  0.467,  0.165,  0.163,
0.032,  0.456,  0.176,  0.457,  0.513,  0.173,  0.513,  0.467,  0.165,  0.163,
0.038,  0.456,  0.177,  0.457,  0.512,  0.173,  0.513,  0.467,  0.165,  0.163,
0.045,  0.456,  0.176,  0.457,  0.512,  0.173,  0.514,  0.468,  0.165,  0.163,
0.053,  0.456,  0.177,  0.457,  0.512,  0.173,  0.513,  0.467,  0.165,  0.163,
0.062,  0.456,  0.177,  0.457,  0.513,  0.174,  0.514,  0.467,  0.165,  0.163,
0.071,  0.456,  0.176,  0.457,  0.513,  0.174,  0.515,  0.467,  0.165,  0.163,
0.081,  0.456,  0.176,  0.457,  0.512,  0.175,  0.515,  0.467,  0.165,  0.163,
0.092,  0.456,  0.176,  0.457,  0.512,  0.175,  0.515,  0.467,  0.165,  0.164,
0.112,  0.456,  0.177,  0.457,  0.512,  0.175,  0.515,  0.467,  0.165,  0.164,
0.138,  0.457,  0.177,  0.457,  0.512,  0.176,  0.515,  0.467,  0.165,  0.164,
0.169,  0.456,  0.177,  0.457,  0.512,  0.175,  0.516,  0.467,  0.165,  0.164,
0.202,  0.456,  0.176,  0.457,  0.512,  0.174,  0.516,  0.468,  0.165,  0.163,
0.238,  0.456,  0.177,  0.457,  0.512,  0.173,  0.516,  0.468,  0.165,  0.163,
0.275,  0.456,  0.177,  0.457,  0.512,  0.173,  0.517,  0.468,  0.165,  0.163,
0.312,  0.457,  0.176,  0.457,  0.512,  0.173,  0.516,  0.468,  0.165,  0.164,
0.348,  0.457,  0.176,  0.457,  0.512,  0.174,  0.515,  0.467,  0.165,  0.164,
0.385,  0.457,  0.176,  0.457,  0.512,  0.173,  0.516,  0.467,  0.165,  0.164,
0.422,  0.457,  0.176,  0.457,  0.512,  0.173,  0.515,  0.467,  0.165,  0.164,
0.461,  0.457,  0.176,  0.457,  0.513,  0.174,  0.516,  0.467,  0.165,  0.164,
0.502,  0.457,  0.176,  0.457,  0.512,  0.173,  0.515,  0.467,  0.165,  0.164,
0.544,  0.457,  0.176,  0.457,  0.513,  0.174,  0.514,  0.467,  0.165,  0.164,
0.587,  0.456,  0.176,  0.457,  0.513,  0.173,  0.513,  0.467,  0.165,  0.164,
0.631,  0.456,  0.176,  0.457,  0.513,  0.173,  0.513,  0.467,  0.165,  0.163,
0.675,  0.456,  0.176,  0.457,  0.513,  0.174,  0.512,  0.467,  0.165,  0.163,
0.716,  0.456,  0.176,  0.457,  0.513,  0.173,  0.512,  0.467,  0.165,  0.163,
0.751,  0.456,  0.176,  0.457,  0.512,  0.173,  0.513,  0.466,  0.165,  0.163,
0.782,  0.456,  0.176,  0.457,  0.512,  0.173,  0.512,  0.466,  0.165,  0.163,
0.810,  0.456,  0.177,  0.457,  0.512,  0.174,  0.512,  0.466,  0.165,  0.163,
0.833,  0.456,  0.176,  0.457,  0.512,  0.173,  0.513,  0.467,  0.165,  0.163,
0.854,  0.456,  0.176,  0.457,  0.512,  0.174,  0.513,  0.467,  0.165,  0.164,
0.872,  0.456,  0.176,  0.457,  0.512,  0.174,  0.513,  0.467,  0.165,  0.164,
0.888,  0.456,  0.176,  0.457,  0.512,  0.173,  0.512,  0.467,  0.165,  0.164,
0.902,  0.456,  0.176,  0.457,  0.512,  0.174,  0.512,  0.467,  0.165,  0.164,
0.915,  0.456,  0.176,  0.457,  0.512,  0.174,  0.513,  0.467,  0.165,  0.163,
0.925,  0.456,  0.176,  0.456,  0.512,  0.174,  0.512,  0.467,  0.165,  0.164,
0.935,  0.456,  0.176,  0.457,  0.512,  0.173,  0.512,  0.467,  0.165,  0.164,
0.943,  0.456,  0.176,  0.457,  0.512,  0.173,  0.512,  0.467,  0.165,  0.164,
0.950,  0.456,  0.176,  0.457,  0.512,  0.173,  0.512,  0.466,  0.165,  0.163,
0.956,  0.456,  0.176,  0.457,  0.512,  0.172,  0.512,  0.467,  0.165,  0.163,
0.962,  0.456,  0.177,  0.457,  0.512,  0.172,  0.513,  0.467,  0.165,  0.163,
0.966,  0.456,  0.177,  0.456,  0.512,  0.172,  0.514,  0.467,  0.165,  0.163,
0.971,  0.456,  0.176,  0.456,  0.512,  0.173,  0.514,  0.467,  0.165,  0.164,
0.974,  0.456,  0.176,  0.456,  0.512,  0.173,  0.513,  0.467,  0.165,  0.164,
0.978,  0.457,  0.176,  0.456,  0.512,  0.173,  0.513,  0.467,  0.165,  0.164,
0.980,  0.456,  0.176,  0.456,  0.512,  0.173,  0.513,  0.467,  0.165,  0.164,
0.983,  0.457,  0.176,  0.456,  0.512,  0.173,  0.513,  0.467,  0.165,  0.164,
0.985,  0.456,  0.176,  0.456,  0.512,  0.174,  0.512,  0.467,  0.165,  0.164,
0.987,  0.456,  0.176,  0.456,  0.512,  0.173,  0.513,  0.467,  0.165,  0.164,
0.988,  0.456,  0.176,  0.456,  0.512,  0.173,  0.514,  0.467,  0.165,  0.164,
0.990,  0.456,  0.176,  0.457,  0.512,  0.172,  0.515,  0.467,  0.165,  0.164,
0.991,  0.456,  0.176,  0.457,  0.512,  0.172,  0.515,  0.467,  0.165,  0.164,
0.992,  0.457,  0.176,  0.457,  0.512,  0.172,  0.514,  0.467,  0.165,  0.164,
0.993,  0.456,  0.176,  0.456,  0.512,  0.171,  0.513,  0.467,  0.165,  0.164,
0.994,  0.456,  0.176,  0.457,  0.512,  0.172,  0.513,  0.467,  0.165,  0.164,
0.995,  0.456,  0.176,  0.456,  0.512,  0.171,  0.513,  0.467,  0.165,  0.164,
0.995,  0.456,  0.176,  0.456,  0.512,  0.171,  0.514,  0.467,  0.165,  0.164,
0.996,  0.456,  0.176,  0.457,  0.512,  0.171,  0.514,  0.467,  0.165,  0.164,
0.997,  0.456,  0.176,  0.456,  0.512,  0.171,  0.514,  0.467,  0.165,  0.164,
0.997,  0.457,  0.176,  0.456,  0.512,  0.170,  0.513,  0.467,  0.165,  0.164,
0.997,  0.456,  0.177,  0.457,  0.512,  0.171,  0.514,  0.467,  0.165,  0.164,
0.998,  0.456,  0.177,  0.457,  0.512,  0.171,  0.514,  0.467,  0.165,  0.164,
0.998,  0.456,  0.177,  0.456,  0.512,  0.171,  0.514,  0.467,  0.165,  0.164,
0.998,  0.456,  0.177,  0.456,  0.512,  0.171,  0.515,  0.467,  0.165,  0.164,
0.998,  0.457,  0.177,  0.456,  0.512,  0.172,  0.514,  0.467,  0.165,  0.164,
0.999,  0.457,  0.177,  0.456,  0.512,  0.172,  0.515,  0.467,  0.165,  0.164,
0.999,  0.457,  0.177,  0.456,  0.512,  0.173,  0.516,  0.467,  0.165,  0.164,
0.999,  0.456,  0.177,  0.456,  0.512,  0.173,  0.515,  0.468,  0.165,  0.164,
0.999,  0.456,  0.177,  0.456,  0.512,  0.173,  0.514,  0.468,  0.165,  0.164,
0.999,  0.456,  0.177,  0.456,  0.512,  0.173,  0.515,  0.467,  0.165,  0.164,
0.996,  0.456,  0.176,  0.456,  0.512,  0.173,  0.514,  0.467,  0.165,  0.163,
0.991,  0.456,  0.176,  0.456,  0.512,  0.173,  0.515,  0.467,  0.165,  0.163,
0.984,  0.456,  0.176,  0.457,  0.512,  0.173,  0.515,  0.467,  0.165,  0.163,
0.975,  0.457,  0.176,  0.457,  0.512,  0.173,  0.514,  0.467,  0.165,  0.163,
0.965,  0.456,  0.176,  0.457,  0.512,  0.172,  0.514,  0.467,  0.165,  0.164,
0.953,  0.456,  0.177,  0.457,  0.512,  0.173,  0.514,  0.467,  0.165,  0.163,
0.939,  0.456,  0.177,  0.457,  0.512,  0.172,  0.514,  0.467,  0.165,  0.163,
0.925,  0.456,  0.177,  0.457,  0.512,  0.172,  0.513,  0.467,  0.165,  0.163,
0.908,  0.456,  0.177,  0.457,  0.512,  0.173,  0.514,  0.467,  0.165,  0.163,
0.890,  0.456,  0.177,  0.457,  0.512,  0.172,  0.514,  0.467,  0.165,  0.163,
0.871,  0.456,  0.177,  0.457,  0.512,  0.172,  0.514,  0.467,  0.165,  0.163,
0.852,  0.456,  0.177,  0.457,  0.512,  0.172,  0.515,  0.467,  0.165,  0.163,
0.833,  0.456,  0.177,  0.457,  0.512,  0.171,  0.515,  0.467,  0.165,  0.163,
0.814,  0.456,  0.177,  0.457,  0.512,  0.171,  0.514,  0.467,  0.165,  0.163,
0.795,  0.456,  0.177,  0.457,  0.512,  0.172,  0.513,  0.467,  0.165,  0.163,
0.776,  0.456,  0.176,  0.457,  0.512,  0.171,  0.512,  0.467,  0.165,  0.163,
0.757,  0.456,  0.176,  0.457,  0.512,  0.171,  0.512,  0.467,  0.165,  0.163,
0.738,  0.456,  0.176,  0.457,  0.512,  0.171,  0.512,  0.467,  0.165,  0.163,
0.719,  0.456,  0.177,  0.457,  0.512,  0.171,  0.512,  0.467,  0.165,  0.163,
0.700,  0.456,  0.177,  0.457,  0.512,  0.172,  0.511,  0.467,  0.165,  0.163,
0.681,  0.456,  0.176,  0.457,  0.512,  0.173,  0.513,  0.467,  0.165,  0.163,
0.662,  0.456,  0.176,  0.457,  0.512,  0.172,  0.513,  0.467,  0.165,  0.163,
0.643,  0.456,  0.176,  0.457,  0.512,  0.172,  0.514,  0.466,  0.165,  0.163,
0.624,  0.456,  0.176,  0.457,  0.512,  0.171,  0.514,  0.467,  0.165,  0.163,
0.604,  0.456,  0.176,  0.457,  0.512,  0.172,  0.513,  0.467,  0.165,  0.163,
0.584,  0.456,  0.177,  0.457,  0.512,  0.172,  0.513,  0.467,  0.165,  0.163,
0.563,  0.456,  0.177,  0.457,  0.512,  0.173,  0.513,  0.467,  0.165,  0.163,
0.542,  0.456,  0.177,  0.457,  0.512,  0.173,  0.513,  0.467,  0.165,  0.164,
0.520,  0.456,  0.177,  0.457,  0.512,  0.173,  0.514,  0.467,  0.165,  0.164,
0.497,  0.456,  0.177,  0.457,  0.512,  0.174,  0.514,  0.466,  0.165,  0.163,
0.473,  0.456,  0.177,  0.457,  0.512,  0.174,  0.515,  0.467,  0.165,  0.163,
0.449,  0.456,  0.177,  0.457,  0.512,  0.174,  0.515,  0.467,  0.165,  0.163,
0.425,  0.456,  0.177,  0.457,  0.512,  0.173,  0.515,  0.467,  0.165,  0.163,
0.400,  0.456,  0.177,  0.457,  0.512,  0.173,  0.515,  0.467,  0.165,  0.164,
0.375,  0.456,  0.176,  0.457,  0.512,  0.173,  0.515,  0.467,  0.165,  0.163,
0.349,  0.456,  0.177,  0.456,  0.512,  0.173,  0.516,  0.467,  0.165,  0.163,
0.326,  0.456,  0.176,  0.456,  0.512,  0.173,  0.515,  0.467,  0.165,  0.163,
0.306,  0.456,  0.176,  0.457,  0.512,  0.173,  0.514,  0.467,  0.165,  0.163,
0.287,  0.456,  0.176,  0.457,  0.512,  0.172,  0.514,  0.467,  0.165,  0.164,
0.271,  0.457,  0.177,  0.457,  0.512,  0.172,  0.513,  0.467,  0.165,  0.164,
0.256,  0.457,  0.177,  0.457,  0.512,  0.172,  0.514,  0.467,  0.165,  0.164,
0.242,  0.457,  0.176,  0.457,  0.512,  0.173,  0.514,  0.467,  0.165,  0.164,
0.230,  0.457,  0.176,  0.457,  0.512,  0.172,  0.513,  0.467,  0.165,  0.164,
0.218,  0.457,  0.176,  0.457,  0.512,  0.173,  0.514,  0.467,  0.165,  0.164,
0.208,  0.456,  0.176,  0.457,  0.512,  0.172,  0.515,  0.467,  0.165,  0.164,
0.199,  0.456,  0.176,  0.457,  0.512,  0.173,  0.514,  0.467,  0.165,  0.164,
0.190,  0.456,  0.176,  0.457,  0.513,  0.172,  0.514,  0.467,  0.165,  0.164,
0.182,  0.456,  0.176,  0.457,  0.513,  0.172,  0.513,  0.467,  0.165,  0.164,
0.175,  0.456,  0.176,  0.457,  0.513,  0.171,  0.513,  0.467,  0.165,  0.163,
0.167,  0.456,  0.176,  0.457,  0.513,  0.172,  0.513,  0.467,  0.165,  0.163,
0.161,  0.456,  0.176,  0.457,  0.513,  0.173,  0.515,  0.467,  0.165,  0.164,
0.155,  0.457,  0.176,  0.457,  0.513,  0.173,  0.514,  0.467,  0.165,  0.164,
0.149,  0.456,  0.176,  0.457,  0.513,  0.174,  0.515,  0.467,  0.165,  0.164,
0.144,  0.456,  0.176,  0.457,  0.513,  0.174,  0.515,  0.467,  0.165,  0.163,
0.139,  0.456,  0.176,  0.457,  0.513,  0.174,  0.516,  0.467,  0.165,  0.163,
0.134,  0.456,  0.177,  0.457,  0.513,  0.174,  0.515,  0.467,  0.165,  0.163,
0.129,  0.457,  0.176,  0.457,  0.513,  0.173,  0.514,  0.467,  0.165,  0.163,
0.124,  0.457,  0.177,  0.457,  0.513,  0.173,  0.514,  0.467,  0.165,  0.163,
0.119,  0.456,  0.176,  0.457,  0.513,  0.174,  0.514,  0.467,  0.165,  0.163,
0.114,  0.456,  0.176,  0.457,  0.513,  0.174,  0.513,  0.467,  0.165,  0.163,
0.110,  0.456,  0.177,  0.457,  0.512,  0.173,  0.514,  0.467,  0.165,  0.163,
0.105,  0.456,  0.177,  0.457,  0.512,  0.173,  0.513,  0.467,  0.165,  0.163,
0.101,  0.456,  0.176,  0.456,  0.512,  0.173,  0.514,  0.467,  0.165,  0.163,
0.096,  0.456,  0.176,  0.456,  0.512,  0.173,  0.513,  0.467,  0.165,  0.163,
0.091,  0.456,  0.177,  0.457,  0.512,  0.173,  0.514,  0.466,  0.165,  0.163,
0.087,  0.457,  0.176,  0.457,  0.512,  0.172,  0.515,  0.467,  0.165,  0.163,
0.083,  0.457,  0.177,  0.457,  0.512,  0.172,  0.514,  0.467,  0.165,  0.163,
0.078,  0.457,  0.177,  0.457,  0.512,  0.172,  0.514,  0.467,  0.165,  0.163,
0.074,  0.457,  0.176,  0.457,  0.512,  0.171,  0.514,  0.467,  0.165,  0.163,
0.070,  0.457,  0.177,  0.457,  0.512,  0.172,  0.514,  0.467,  0.165,  0.163,
0.066,  0.457,  0.177,  0.457,  0.512,  0.172,  0.514,  0.467,  0.165,  0.163,
0.061,  0.457,  0.177,  0.457,  0.512,  0.172,  0.514,  0.467,  0.165,  0.163,
0.057,  0.457,  0.177,  0.457,  0.512,  0.172,  0.515,  0.467,  0.165,  0.164,
0.053,  0.457,  0.176,  0.457,  0.512,  0.172,  0.515,  0.467,  0.165,  0.164,
0.049,  0.456,  0.176,  0.457,  0.512,  0.171,  0.515,  0.467,  0.165,  0.164,
0.044,  0.456,  0.176,  0.457,  0.512,  0.171,  0.514,  0.467,  0.165,  0.164,
0.040,  0.456,  0.176,  0.457,  0.512,  0.172,  0.514,  0.467,  0.165,  0.163,
0.035,  0.456,  0.176,  0.457,  0.512,  0.173,  0.515,  0.467,  0.165,  0.163,
0.031,  0.456,  0.176,  0.457,  0.512,  0.174,  0.515,  0.467,  0.165,  0.163,
0.027,  0.456,  0.176,  0.457,  0.512,  0.173,  0.515,  0.467,  0.165,  0.163,
0.024,  0.456,  0.176,  0.457,  0.512,  0.173,  0.516,  0.467,  0.165,  0.163,
0.021,  0.456,  0.176,  0.457,  0.513,  0.172,  0.516,  0.467,  0.165,  0.163,
0.018,  0.456,  0.176,  0.457,  0.512,  0.172,  0.516,  0.467,  0.165,  0.163,
0.016,  0.456,  0.176,  0.457,  0.513,  0.173,  0.517,  0.467,  0.165,  0.163,
0.014,  0.456,  0.176,  0.457,  0.512,  0.174,  0.517,  0.467,  0.165,  0.162,
0.012,  0.456,  0.176,  0.457,  0.512,  0.174,  0.516,  0.467,  0.165,  0.163,
0.011,  0.456,  0.176,  0.457,  0.512,  0.174,  0.517,  0.467,  0.165,  0.163,
0.009,  0.456,  0.176,  0.457,  0.512,  0.175,  0.516,  0.467,  0.165,  0.163,
0.008,  0.456,  0.176,  0.457,  0.512,  0.174,  0.516,  0.467,  0.165,  0.163,
0.007,  0.456,  0.176,  0.457,  0.512,  0.175,  0.515,  0.467,  0.165,  0.163,
0.006,  0.456,  0.176,  0.456,  0.512,  0.174,  0.515,  0.467,  0.165,  0.163,
0.005,  0.456,  0.176,  0.457,  0.512,  0.174,  0.515,  0.468,  0.165,  0.163,
0.005,  0.456,  0.176,  0.456,  0.512,  0.173,  0.514,  0.467,  0.165,  0.163,
0.004,  0.456,  0.176,  0.457,  0.512,  0.173,  0.514,  0.468,  0.165,  0.163,
0.004,  0.456,  0.176,  0.456,  0.512,  0.173,  0.513,  0.468,  0.165,  0.163,
0.003,  0.457,  0.176,  0.457,  0.512,  0.172,  0.513,  0.468,  0.165,  0.163,
0.003,  0.457,  0.176,  0.457,  0.512,  0.173,  0.515,  0.468,  0.165,  0.163,
0.002,  0.456,  0.176,  0.456,  0.512,  0.172,  0.514,  0.468,  0.165,  0.163,
0.002,  0.456,  0.176,  0.456,  0.512,  0.172,  0.513,  0.468,  0.165,  0.163,
0.002,  0.456,  0.176,  0.456,  0.512,  0.173,  0.514,  0.467,  0.165,  0.163,
0.002,  0.456,  0.176,  0.456,  0.512,  0.173,  0.515,  0.467,  0.165,  0.163,
0.001,  0.456,  0.176,  0.456,  0.512,  0.172,  0.515,  0.467,  0.165,  0.163,
0.001,  0.456,  0.176,  0.457,  0.512,  0.173,  0.514,  0.467,  0.165,  0.163,
0.001,  0.456,  0.176,  0.457,  0.512,  0.172,  0.514,  0.467,  0.165,  0.163,
0.001,  0.456,  0.176,  0.457,  0.512,  0.173,  0.514,  0.467,  0.165,  0.163,
0.001,  0.457,  0.176,  0.457,  0.512,  0.174,  0.514,  0.467,  0.165,  0.163,
0.001,  0.456,  0.176,  0.457,  0.512,  0.174,  0.513,  0.467,  0.165,  0.163,
0.001,  0.456,  0.176,  0.457,  0.512,  0.174,  0.514,  0.468,  0.165,  0.163,
0.003,  0.456,  0.176,  0.457,  0.512,  0.175,  0.514,  0.467,  0.165,  0.163,
0.006,  0.456,  0.176,  0.457,  0.512,  0.174,  0.514,  0.467,  0.165,  0.163,
0.012,  0.456,  0.176,  0.457,  0.512,  0.174,  0.514,  0.467,  0.165,  0.164,
0.018,  0.456,  0.176,  0.457,  0.512,  0.173,  0.515,  0.467,  0.165,  0.164,
0.025,  0.456,  0.176,  0.456,  0.512,  0.174,  0.515,  0.467,  0.165,  0.163,
0.033,  0.456,  0.176,  0.456,  0.512,  0.173,  0.514,  0.467,  0.165,  0.163,
0.041,  0.456,  0.176,  0.457,  0.512,  0.173,  0.514,  0.467,  0.165,  0.163,
0.050,  0.456,  0.176,  0.457,  0.512,  0.173,  0.514,  0.467,  0.165,  0.163,
0.059,  0.456,  0.176,  0.457,  0.512,  0.172,  0.515,  0.467,  0.165,  0.163,
0.069,  0.456,  0.176,  0.457,  0.512,  0.173,  0.514,  0.467,  0.165,  0.163,
0.078,  0.455,  0.176,  0.457,  0.512,  0.172,  0.515,  0.467,  0.165,  0.163,
0.089,  0.456,  0.176,  0.457,  0.512,  0.172,  0.514,  0.467,  0.165,  0.164,
0.100,  0.456,  0.177,  0.457,  0.512,  0.172,  0.513,  0.467,  0.165,  0.164,
0.119,  0.456,  0.177,  0.457,  0.512,  0.172,  0.513,  0.467,  0.165,  0.164,
0.142,  0.456,  0.176,  0.457,  0.512,  0.172,  0.512,  0.467,  0.165,  0.164,
0.170,  0.456,  0.176,  0.457,  0.512,  0.172,  0.511,  0.466,  0.165,  0.164,
0.201,  0.456,  0.177,  0.457,  0.512,  0.172,  0.512,  0.467,  0.165,  0.164,
0.234,  0.456,  0.177,  0.457,  0.512,  0.172,  0.513,  0.467,  0.165,  0.164,
0.269,  0.456,  0.177,  0.457,  0.512,  0.173,  0.513,  0.467,  0.165,  0.164,
0.306,  0.456,  0.177,  0.457,  0.512,  0.173,  0.513,  0.467,  0.165,  0.164,
0.343,  0.456,  0.177,  0.457,  0.512,  0.173,  0.512,  0.467,  0.165,  0.164,
0.381,  0.456,  0.177,  0.457,  0.512,  0.173,  0.513,  0.467,  0.165,  0.164,
0.421,  0.456,  0.177,  0.456,  0.512,  0.173,  0.513,  0.467,  0.165,  0.164,
0.462,  0.456,  0.177,  0.457,  0.512,  0.173,  0.513,  0.467,  0.165,  0.164,
0.504,  0.456,  0.176,  0.457,  0.512,  0.172,  0.513,  0.467,  0.165,  0.164,
0.549,  0.456,  0.176,  0.457,  0.512,  0.173,  0.512,  0.467,  0.165,  0.164,
0.596,  0.456,  0.176,  0.457,  0.512,  0.173,  0.513,  0.467,  0.165,  0.164,
0.643,  0.456,  0.176,  0.457,  0.512,  0.173,  0.514,  0.467,  0.165,  0.164,
0.688,  0.456,  0.176,  0.457,  0.512,  0.173,  0.514,  0.467,  0.165,  0.164,
0.727,  0.457,  0.176,  0.457,  0.512,  0.173,  0.514,  0.468,  0.165,  0.164,
0.761,  0.456,  0.176,  0.457,  0.512,  0.174,  0.513,  0.467,  0.165,  0.164,
0.791,  0.456,  0.176,  0.457,  0.512,  0.173,  0.514,  0.467,  0.165,  0.164,
0.817,  0.456,  0.176,  0.457,  0.512,  0.174,  0.514,  0.467,  0.165,  0.164,
0.840,  0.456,  0.176,  0.457,  0.512,  0.174,  0.514,  0.467,  0.165,  0.164,
0.860,  0.456,  0.176,  0.457,  0.512,  0.174,  0.515,  0.467,  0.165,  0.164,
0.877,  0.456,  0.176,  0.457,  0.512,  0.174,  0.514,  0.467,  0.165,  0.164,
0.893,  0.456,  0.176,  0.457,  0.512,  0.173,  0.514,  0.467,  0.165,  0.164,
0.906,  0.456,  0.176,  0.457,  0.512,  0.174,  0.514,  0.467,  0.165,  0.164,
0.918,  0.456,  0.176,  0.457,  0.512,  0.174,  0.514,  0.468,  0.165,  0.164,
0.928,  0.456,  0.176,  0.457,  0.512,  0.173,  0.514,  0.467,  0.165,  0.164,
0.937,  0.456,  0.176,  0.457,  0.512,  0.173,  0.515,  0.467,  0.165,  0.164,
0.945,  0.456,  0.176,  0.457,  0.512,  0.174,  0.515,  0.467,  0.165,  0.164,
0.952,  0.456,  0.176,  0.457,  0.512,  0.173,  0.514,  0.467,  0.165,  0.164,
0.958,  0.456,  0.176,  0.457,  0.512,  0.173,  0.513,  0.467,  0.165,  0.164,
0.963,  0.456,  0.176,  0.457,  0.512,  0.172,  0.513,  0.467,  0.165,  0.164,
0.968,  0.456,  0.176,  0.457,  0.512,  0.172,  0.514,  0.467,  0.165,  0.164,
0.972,  0.456,  0.176,  0.457,  0.512,  0.172,  0.514,  0.467,  0.165,  0.164,
0.975,  0.456,  0.176,  0.457,  0.512,  0.172,  0.514,  0.467,  0.165,  0.164,
0.978,  0.457,  0.177,  0.457,  0.512,  0.171,  0.514,  0.467,  0.165,  0.164,
0.981,  0.456,  0.177,  0.457,  0.512,  0.172,  0.514,  0.467,  0.165,  0.164,
0.983,  0.456,  0.176,  0.457,  0.512,  0.172,  0.515,  0.467,  0.165,  0.164,
0.986,  0.456,  0.177,  0.457,  0.512,  0.172,  0.514,  0.467,  0.165,  0.164,
0.987,  0.456,  0.176,  0.457,  0.512,  0.173,  0.515,  0.467,  0.165,  0.164,
0.989,  0.456,  0.177,  0.457,  0.513,  0.172,  0.515,  0.467,  0.165,  0.164,
0.990,  0.456,  0.176,  0.457,  0.513,  0.173,  0.516,  0.467,  0.165,  0.164,
0.987,  0.457,  0.177,  0.457,  0.513,  0.172,  0.517,  0.467,  0.165,  0.163,
0.976,  0.456,  0.177,  0.457,  0.512,  0.172,  0.517,  0.467,  0.165,  0.164,
0.958,  0.456,  0.176,  0.457,  0.512,  0.172,  0.517,  0.467,  0.165,  0.164,
0.935,  0.456,  0.176,  0.457,  0.512,  0.172,  0.516,  0.467,  0.165,  0.164,
0.907,  0.456,  0.176,  0.457,  0.512,  0.173,  0.516,  0.467,  0.165,  0.164,
0.876,  0.456,  0.176,  0.457,  0.512,  0.173,  0.516,  0.467,  0.165,  0.164,
0.843,  0.456,  0.176,  0.457,  0.512,  0.173,  0.516,  0.467,  0.165,  0.164,
0.807,  0.456,  0.176,  0.457,  0.512,  0.173,  0.516,  0.468,  0.165,  0.163,
0.768,  0.456,  0.176,  0.457,  0.512,  0.173,  0.516,  0.468,  0.165,  0.163,
0.729,  0.456,  0.176,  0.457,  0.512,  0.173,  0.517,  0.468,  0.165,  0.163,
0.688,  0.456,  0.176,  0.457,  0.512,  0.173,  0.517,  0.468,  0.165,  0.164,
0.646,  0.456,  0.176,  0.457,  0.512,  0.173,  0.516,  0.468,  0.165,  0.164,
0.604,  0.456,  0.176,  0.457,  0.512,  0.172,  0.516,  0.468,  0.165,  0.164,
0.562,  0.456,  0.176,  0.457,  0.513,  0.173,  0.515,  0.468,  0.165,  0.164,
0.518,  0.456,  0.176,  0.457,  0.513,  0.174,  0.514,  0.467,  0.165,  0.164,
0.475,  0.456,  0.176,  0.457,  0.513,  0.173,  0.513,  0.467,  0.165,  0.164,
0.435,  0.456,  0.176,  0.457,  0.512,  0.174,  0.514,  0.467,  0.165,  0.164,
0.400,  0.456,  0.176,  0.457,  0.512,  0.174,  0.514,  0.467,  0.165,  0.164,
0.368,  0.456,  0.176,  0.457,  0.512,  0.173,  0.514,  0.467,  0.165,  0.163,
0.339,  0.456,  0.176,  0.457,  0.512,  0.173,  0.515,  0.467,  0.165,  0.164,
0.312,  0.456,  0.176,  0.457,  0.512,  0.174,  0.515,  0.467,  0.165,  0.163,
0.288,  0.456,  0.176,  0.457,  0.512,  0.174,  0.516,  0.467,  0.165,  0.163,
0.266,  0.456,  0.176,  0.457,  0.512,  0.175,  0.517,  0.467,  0.165,  0.164,
0.246,  0.457,  0.176,  0.456,  0.512,  0.175,  0.517,  0.467,  0.165,  0.164,
0.226,  0.457,  0.176,  0.456,  0.512,  0.176,  0.516,  0.467,  0.165,  0.164,
0.208,  0.457,  0.176,  0.457,  0.512,  0.175,  0.517,  0.467,  0.165,  0.164,
0.191,  0.456,  0.176,  0.457,  0.512,  0.174,  0.517,  0.467,  0.165,  0.164,
0.174,  0.456,  0.176,  0.457,  0.512,  0.173,  0.516,  0.467,  0.165,  0.164,
0.158,  0.456,  0.176,  0.457,  0.513,  0.173,  0.517,  0.467,  0.165,  0.164,
0.143,  0.456,  0.176,  0.457,  0.513,  0.174,  0.517,  0.467,  0.165,  0.164,
0.128,  0.456,  0.176,  0.457,  0.513,  0.173,  0.517,  0.467,  0.165,  0.164,
0.113,  0.456,  0.176,  0.457,  0.513,  0.174,  0.516,  0.467,  0.165,  0.164,
0.099,  0.456,  0.176,  0.457,  0.513,  0.173,  0.517,  0.467,  0.165,  0.164,
0.087,  0.457,  0.176,  0.457,  0.513,  0.173,  0.517,  0.467,  0.165,  0.164,
0.076,  0.456,  0.176,  0.456,  0.512,  0.172,  0.516,  0.467,  0.165,  0.164,
0.067,  0.457,  0.176,  0.457,  0.512,  0.173,  0.515,  0.467,  0.165,  0.163,
0.058,  0.457,  0.176,  0.457,  0.512,  0.172,  0.515,  0.467,  0.165,  0.164,
0.051,  0.457,  0.176,  0.457,  0.512,  0.172,  0.514,  0.467,  0.165,  0.164,
0.045,  0.457,  0.176,  0.457,  0.512,  0.173,  0.514,  0.467,  0.165,  0.164,
0.039,  0.457,  0.176,  0.457,  0.512,  0.173,  0.513,  0.467,  0.165,  0.164,
0.034,  0.457,  0.176,  0.457,  0.512,  0.173,  0.514,  0.467,  0.165,  0.164,
0.030,  0.457,  0.176,  0.457,  0.512,  0.173,  0.514,  0.467,  0.165,  0.164,
0.026,  0.457,  0.176,  0.457,  0.512,  0.172,  0.515,  0.467,  0.165,  0.164,
0.023,  0.457,  0.176,  0.457,  0.512,  0.173,  0.515,  0.467,  0.165,  0.164,
0.020,  0.457,  0.176,  0.457,  0.512,  0.173,  0.516,  0.467,  0.165,  0.164,
0.018,  0.457,  0.176,  0.456,  0.512,  0.174,  0.515,  0.467,  0.165,  0.164,
0.015,  0.457,  0.176,  0.457,  0.512,  0.174,  0.515,  0.467,  0.165,  0.163,
0.013,  0.457,  0.176,  0.456,  0.513,  0.175,  0.516,  0.467,  0.165,  0.163,
0.012,  0.457,  0.177,  0.457,  0.512,  0.175,  0.516,  0.467,  0.165,  0.163,
0.010,  0.457,  0.176,  0.456,  0.512,  0.174,  0.516,  0.467,  0.165,  0.163,
0.009,  0.457,  0.176,  0.457,  0.512,  0.175,  0.515,  0.467,  0.165,  0.163,
0.008,  0.457,  0.177,  0.456,  0.512,  0.174,  0.515,  0.467,  0.165,  0.163,
0.007,  0.457,  0.176,  0.456,  0.512,  0.175,  0.516,  0.467,  0.165,  0.163,
0.006,  0.456,  0.176,  0.456,  0.512,  0.174,  0.516,  0.467,  0.165,  0.163,
0.005,  0.457,  0.176,  0.456,  0.512,  0.173,  0.515,  0.466,  0.165,  0.164,
0.005,  0.457,  0.176,  0.457,  0.512,  0.173,  0.515,  0.467,  0.165,  0.163,
0.004,  0.457,  0.177,  0.457,  0.512,  0.173,  0.516,  0.467,  0.165,  0.163,
0.004,  0.457,  0.176,  0.457,  0.512,  0.173,  0.515,  0.467,  0.165,  0.163,
0.003,  0.457,  0.176,  0.457,  0.512,  0.173,  0.514,  0.467,  0.165,  0.163,
0.003,  0.457,  0.176,  0.456,  0.512,  0.174,  0.515,  0.467,  0.165,  0.163,
0.003,  0.457,  0.176,  0.456,  0.512,  0.174,  0.515,  0.467,  0.165,  0.163,
0.003,  0.457,  0.176,  0.456,  0.512,  0.173,  0.516,  0.467,  0.164,  0.163,
0.004,  0.457,  0.176,  0.456,  0.512,  0.173,  0.515,  0.467,  0.164,  0.163,
0.006,  0.457,  0.176,  0.456,  0.512,  0.172,  0.515,  0.467,  0.165,  0.163,
0.009,  0.457,  0.176,  0.456,  0.512,  0.172,  0.514,  0.467,  0.165,  0.163,
0.013,  0.457,  0.176,  0.457,  0.512,  0.172,  0.515,  0.467,  0.165,  0.163,
0.018,  0.456,  0.176,  0.457,  0.512,  0.172,  0.514,  0.467,  0.165,  0.163,
0.023,  0.456,  0.176,  0.457,  0.512,  0.172,  0.513,  0.467,  0.165,  0.163,
0.029,  0.456,  0.176,  0.457,  0.512,  0.172,  0.514,  0.467,  0.164,  0.163,
0.035,  0.456,  0.176,  0.457,  0.512,  0.172,  0.513,  0.467,  0.164,  0.163,
0.042,  0.456,  0.177,  0.457,  0.512,  0.172,  0.513,  0.467,  0.165,  0.163,
0.050,  0.456,  0.176,  0.457,  0.512,  0.172,  0.513,  0.467,  0.165,  0.163,
0.059,  0.456,  0.176,  0.457,  0.512,  0.172,  0.513,  0.467,  0.165,  0.163,
0.069,  0.456,  0.176,  0.457,  0.512,  0.172,  0.514,  0.467,  0.165,  0.163,
0.080,  0.456,  0.176,  0.457,  0.512,  0.172,  0.514,  0.467,  0.165,  0.163,
0.091,  0.456,  0.176,  0.457,  0.512,  0.173,  0.515,  0.467,  0.165,  0.163,
0.108,  0.456,  0.176,  0.457,  0.512,  0.172,  0.515,  0.467,  0.165,  0.163,
0.132,  0.456,  0.176,  0.457,  0.512,  0.172,  0.514,  0.467,  0.165,  0.163,
0.159,  0.456,  0.176,  0.457,  0.512,  0.173,  0.514,  0.467,  0.164,  0.163,
0.189,  0.457,  0.176,  0.457,  0.512,  0.173,  0.514,  0.467,  0.165,  0.163,
0.222,  0.457,  0.176,  0.457,  0.512,  0.172,  0.514,  0.467,  0.165,  0.163,
0.258,  0.456,  0.176,  0.457,  0.512,  0.172,  0.515,  0.467,  0.165,  0.163,
0.297,  0.456,  0.176,  0.457,  0.512,  0.172,  0.514,  0.467,  0.165,  0.163,
0.338,  0.457,  0.176,  0.457,  0.512,  0.172,  0.515,  0.467,  0.165,  0.163,
0.381,  0.457,  0.176,  0.456,  0.512,  0.173,  0.515,  0.467,  0.165,  0.163,
0.425,  0.457,  0.176,  0.457,  0.512,  0.173,  0.516,  0.467,  0.165,  0.163,
0.468,  0.457,  0.176,  0.457,  0.512,  0.173,  0.515,  0.467,  0.165,  0.163,
0.509,  0.457,  0.176,  0.457,  0.512,  0.174,  0.516,  0.468,  0.165,  0.163,
0.549,  0.456,  0.176,  0.457,  0.512,  0.173,  0.516,  0.468,  0.165,  0.163,
0.588,  0.456,  0.176,  0.457,  0.512,  0.174,  0.517,  0.468,  0.165,  0.163,
0.625,  0.456,  0.176,  0.457,  0.512,  0.173,  0.516,  0.468,  0.165,  0.163,
0.661,  0.456,  0.176,  0.456,  0.512,  0.173,  0.515,  0.467,  0.165,  0.163,
0.698,  0.456,  0.176,  0.456,  0.512,  0.172,  0.515,  0.468,  0.165,  0.163,
0.734,  0.456,  0.176,  0.456,  0.512,  0.172,  0.516,  0.467,  0.165,  0.163,
0.767,  0.456,  0.176,  0.456,  0.512,  0.172,  0.515,  0.467,  0.165,  0.163,
0.796,  0.456,  0.176,  0.456,  0.512,  0.172,  0.514,  0.467,  0.165,  0.163,
0.821,  0.456,  0.176,  0.456,  0.512,  0.173,  0.515,  0.467,  0.165,  0.163,
0.844,  0.456,  0.176,  0.456,  0.512,  0.174,  0.516,  0.467,  0.165,  0.163,
0.863,  0.456,  0.176,  0.456,  0.512,  0.174,  0.516,  0.467,  0.165,  0.164,
0.880,  0.456,  0.176,  0.456,  0.512,  0.175,  0.515,  0.467,  0.165,  0.164,
0.895,  0.456,  0.176,  0.456,  0.512,  0.175,  0.516,  0.467,  0.165,  0.164,
0.908,  0.456,  0.176,  0.456,  0.513,  0.176,  0.516,  0.468,  0.165,  0.164,
0.920,  0.456,  0.176,  0.456,  0.513,  0.176,  0.516,  0.467,  0.165,  0.164,
0.930,  0.456,  0.176,  0.456,  0.513,  0.176,  0.516,  0.468,  0.165,  0.164,
0.939,  0.456,  0.176,  0.456,  0.513,  0.176,  0.516,  0.467,  0.165,  0.164,
0.946,  0.456,  0.176,  0.456,  0.513,  0.175,  0.517,  0.467,  0.165,  0.164,
0.953,  0.456,  0.176,  0.457,  0.513,  0.175,  0.516,  0.467,  0.165,  0.164,
0.959,  0.456,  0.176,  0.457,  0.512,  0.176,  0.516,  0.467,  0.165,  0.164,
0.964,  0.456,  0.176,  0.457,  0.512,  0.176,  0.516,  0.467,  0.165,  0.163,
0.969,  0.456,  0.176,  0.457,  0.512,  0.176,  0.515,  0.467,  0.165,  0.163,
0.972,  0.456,  0.176,  0.457,  0.512,  0.176,  0.516,  0.467,  0.165,  0.163,
0.976,  0.456,  0.176,  0.457,  0.512,  0.175,  0.515,  0.467,  0.165,  0.164,
0.979,  0.456,  0.176,  0.457,  0.512,  0.174,  0.514,  0.467,  0.165,  0.164,
0.982,  0.456,  0.176,  0.457,  0.512,  0.174,  0.515,  0.467,  0.165,  0.164,
0.984,  0.456,  0.176,  0.457,  0.512,  0.174,  0.516,  0.467,  0.165,  0.164,
0.986,  0.457,  0.176,  0.457,  0.512,  0.174,  0.516,  0.467,  0.165,  0.164,
0.988,  0.457,  0.176,  0.457,  0.512,  0.174,  0.516,  0.467,  0.165,  0.164,
0.989,  0.457,  0.176,  0.457,  0.512,  0.173,  0.515,  0.466,  0.165,  0.164,
0.991,  0.457,  0.176,  0.457,  0.512,  0.172,  0.514,  0.466,  0.165,  0.163,
0.992,  0.457,  0.176,  0.457,  0.512,  0.172,  0.514,  0.467,  0.165,  0.163,
0.993,  0.457,  0.176,  0.457,  0.512,  0.172,  0.516,  0.466,  0.164,  0.163,
0.994,  0.457,  0.176,  0.457,  0.512,  0.173,  0.515,  0.466,  0.165,  0.163,
0.994,  0.456,  0.176,  0.457,  0.512,  0.173,  0.515,  0.466,  0.165,  0.163,
0.990,  0.456,  0.176,  0.456,  0.512,  0.173,  0.515,  0.467,  0.165,  0.163,
0.980,  0.457,  0.176,  0.457,  0.512,  0.173,  0.514,  0.467,  0.165,  0.163,
0.964,  0.457,  0.176,  0.457,  0.512,  0.172,  0.514,  0.467,  0.165,  0.163,
0.943,  0.456,  0.176,  0.456,  0.512,  0.173,  0.514,  0.468,  0.165,  0.163,
0.918,  0.456,  0.176,  0.456,  0.512,  0.174,  0.514,  0.469,  0.165,  0.163,
0.889,  0.457,  0.176,  0.456,  0.512,  0.173,  0.515,  0.470,  0.165,  0.163,
0.859,  0.457,  0.176,  0.456,  0.512,  0.173,  0.514,  0.471,  0.165,  0.163,
0.827,  0.457,  0.176,  0.456,  0.512,  0.173,  0.514,  0.471,  0.165,  0.163,
0.794,  0.456,  0.176,  0.456,  0.512,  0.172,  0.514,  0.472,  0.165,  0.163,
0.761,  0.456,  0.176,  0.456,  0.512,  0.172,  0.515,  0.472,  0.165,  0.163,
0.729,  0.456,  0.176,  0.456,  0.513,  0.172,  0.514,  0.473,  0.165,  0.163,
0.696,  0.456,  0.176,  0.457,  0.513,  0.173,  0.514,  0.473,  0.165,  0.163,
0.664,  0.456,  0.176,  0.456,  0.512,  0.173,  0.513,  0.473,  0.165,  0.163,
0.634,  0.456,  0.176,  0.456,  0.512,  0.174,  0.514,  0.474,  0.165,  0.163,
0.606,  0.456,  0.176,  0.456,  0.512,  0.173,  0.515,  0.474,  0.165,  0.162,
0.580,  0.456,  0.176,  0.457,  0.512,  0.172,  0.515,  0.474,  0.165,  0.163,
0.556,  0.456,  0.176,  0.457,  0.512,  0.172,  0.515,  0.474,  0.165,  0.163,
0.534,  0.456,  0.176,  0.457,  0.512,  0.171,  0.514,  0.474,  0.165,  0.163,
0.513,  0.456,  0.176,  0.457,  0.512,  0.172,  0.515,  0.475,  0.165,  0.163,
0.493,  0.456,  0.176,  0.457,  0.512,  0.172,  0.515,  0.475,  0.165,  0.163,
0.475,  0.456,  0.176,  0.456,  0.512,  0.173,  0.516,  0.475,  0.165,  0.163,
0.457,  0.456,  0.177,  0.457,  0.512,  0.174,  0.517,  0.475,  0.165,  0.163,
0.439,  0.456,  0.176,  0.457,  0.512,  0.173,  0.516,  0.475,  0.165,  0.163,
0.422,  0.456,  0.176,  0.457,  0.512,  0.173,  0.516,  0.475,  0.165,  0.163,
0.406,  0.456,  0.176,  0.457,  0.512,  0.173,  0.515,  0.475,  0.165,  0.163,
0.389,  0.456,  0.177,  0.457,  0.512,  0.172,  0.515,  0.475,  0.165,  0.163,
0.373,  0.456,  0.177,  0.457,  0.512,  0.173,  0.516,  0.475,  0.165,  0.163,
0.356,  0.456,  0.177,  0.456,  0.512,  0.173,  0.516,  0.475,  0.165,  0.163,
0.338,  0.456,  0.176,  0.456,  0.512,  0.172,  0.515,  0.475,  0.165,  0.163,
0.319,  0.456,  0.177,  0.457,  0.512,  0.173,  0.514,  0.475,  0.165,  0.163,
0.301,  0.456,  0.176,  0.457,  0.512,  0.172,  0.514,  0.475,  0.165,  0.163,
0.284,  0.456,  0.177,  0.457,  0.512,  0.172,  0.515,  0.475,  0.165,  0.163,
0.269,  0.456,  0.176,  0.457,  0.512,  0.171,  0.515,  0.476,  0.165,  0.163,
0.256,  0.456,  0.177,  0.457,  0.512,  0.172,  0.515,  0.475,  0.165,  0.164,
0.243,  0.456,  0.177,  0.457,  0.512,  0.172,  0.515,  0.475,  0.165,  0.164,
0.232,  0.456,  0.177,  0.457,  0.512,  0.171,  0.515,  0.475,  0.165,  0.164,
0.222,  0.456,  0.177,  0.457,  0.512,  0.172,  0.514,  0.475,  0.165,  0.164,
0.212,  0.456,  0.177,  0.457,  0.512,  0.173,  0.515,  0.475,  0.165,  0.163,
0.204,  0.456,  0.177,  0.457,  0.512,  0.172,  0.516,  0.475,  0.165,  0.163,
0.196,  0.456,  0.177,  0.457,  0.512,  0.173,  0.516,  0.476,  0.165,  0.164,
0.189,  0.456,  0.177,  0.457,  0.512,  0.174,  0.517,  0.476,  0.165,  0.164,
0.182,  0.456,  0.177,  0.457,  0.512,  0.173,  0.517,  0.476,  0.165,  0.164,
0.176,  0.456,  0.177,  0.457,  0.512,  0.174,  0.517,  0.476,  0.165,  0.164,
0.170,  0.456,  0.176,  0.457,  0.512,  0.174,  0.517,  0.476,  0.165,  0.164,
0.164,  0.456,  0.176,  0.457,  0.512,  0.173,  0.518,  0.476,  0.165,  0.164,
0.158,  0.456,  0.176,  0.457,  0.512,  0.173,  0.517,  0.476,  0.165,  0.164,
0.153,  0.456,  0.176,  0.457,  0.512,  0.174,  0.517,  0.476,  0.165,  0.164,
0.148,  0.456,  0.176,  0.457,  0.512,  0.173,  0.515,  0.476,  0.165,  0.164,
0.142,  0.456,  0.176,  0.457,  0.513,  0.173,  0.516,  0.476,  0.165,  0.164,
0.137,  0.455,  0.176,  0.457,  0.512,  0.173,  0.516,  0.476,  0.165,  0.164,
0.132,  0.456,  0.176,  0.457,  0.513,  0.172,  0.515,  0.476,  0.165,  0.164,
0.127,  0.456,  0.176,  0.457,  0.512,  0.172,  0.516,  0.476,  0.165,  0.164,
0.122,  0.456,  0.176,  0.457,  0.512,  0.172,  0.515,  0.476,  0.165,  0.163,
0.118,  0.455,  0.176,  0.457,  0.512,  0.171,  0.516,  0.476,  0.165,  0.163,
0.113,  0.455,  0.176,  0.457,  0.512,  0.172,  0.515,  0.476,  0.165,  0.163,
0.109,  0.456,  0.176,  0.457,  0.512,  0.173,  0.514,  0.476,  0.165,  0.163,
0.104,  0.456,  0.176,  0.457,  0.512,  0.173,  0.513,  0.476,  0.165,  0.163,
0.100,  0.456,  0.176,  0.457,  0.512,  0.174,  0.514,  0.476,  0.165,  0.163,
0.095,  0.456,  0.176,  0.457,  0.512,  0.174,  0.514,  0.476,  0.165,  0.163,
0.090,  0.456,  0.176,  0.457,  0.512,  0.173,  0.514,  0.476,  0.164,  0.163,
0.086,  0.456,  0.177,  0.457,  0.512,  0.173,  0.515,  0.476,  0.164,  0.163,
0.081,  0.456,  0.177,  0.457,  0.512,  0.172,  0.516,  0.476,  0.164,  0.164,
0.077,  0.456,  0.176,  0.457,  0.512,  0.172,  0.515,  0.476,  0.164,  0.164,
0.072,  0.456,  0.177,  0.457,  0.512,  0.172,  0.516,  0.476,  0.164,  0.164,
0.067,  0.456,  0.176,  0.456,  0.512,  0.173,  0.515,  0.475,  0.165,  0.164,
0.063,  0.456,  0.176,  0.457,  0.512,  0.173,  0.514,  0.476,  0.165,  0.164,
0.058,  0.456,  0.176,  0.457,  0.512,  0.173,  0.514,  0.476,  0.165,  0.164,
0.053,  0.456,  0.176,  0.457,  0.512,  0.173,  0.513,  0.475,  0.165,  0.164,
0.048,  0.456,  0.176,  0.457,  0.512,  0.173,  0.513,  0.475,  0.165,  0.164,
0.042,  0.456,  0.176,  0.457,  0.512,  0.174,  0.513,  0.475,  0.165,  0.164,
0.037,  0.456,  0.176,  0.457,  0.512,  0.173,  0.513,  0.475,  0.165,  0.164,
0.032,  0.456,  0.176,  0.457,  0.512,  0.174,  0.513,  0.475,  0.165,  0.164,
0.028,  0.456,  0.176,  0.457,  0.512,  0.173,  0.514,  0.475,  0.165,  0.164,
0.025,  0.456,  0.176,  0.457,  0.512,  0.173,  0.513,  0.476,  0.164,  0.164,
0.022,  0.457,  0.176,  0.457,  0.512,  0.174,  0.513,  0.476,  0.165,  0.164,
0.019,  0.456,  0.176,  0.457,  0.512,  0.173,  0.513,  0.476,  0.165,  0.163,
0.017,  0.456,  0.176,  0.457,  0.512,  0.173,  0.512,  0.476,  0.165,  0.164,
0.015,  0.456,  0.176,  0.457,  0.512,  0.174,  0.513,  0.475,  0.165,  0.163,
0.013,  0.456,  0.176,  0.457,  0.512,  0.173,  0.514,  0.476,  0.165,  0.163,
0.011,  0.456,  0.176,  0.457,  0.512,  0.174,  0.513,  0.475,  0.165,  0.164,
0.010,  0.456,  0.176,  0.457,  0.512,  0.175,  0.514,  0.475,  0.165,  0.164,
0.009,  0.456,  0.176,  0.457,  0.512,  0.174,  0.513,  0.475,  0.165,  0.164,
0.007,  0.456,  0.176,  0.457,  0.512,  0.174,  0.513,  0.476,  0.165,  0.164,
0.007,  0.456,  0.176,  0.457,  0.512,  0.174,  0.514,  0.476,  0.165,  0.164,
0.006,  0.456,  0.176,  0.457,  0.512,  0.175,  0.514,  0.476,  0.165,  0.164,
0.005,  0.456,  0.176,  0.457,  0.512,  0.174,  0.514,  0.476,  0.165,  0.164,
0.004,  0.456,  0.176,  0.457,  0.512,  0.174,  0.513,  0.475,  0.165,  0.164,
0.004,  0.456,  0.176,  0.457,  0.512,  0.174,  0.513,  0.475,  0.165,  0.164,
0.003,  0.456,  0.176,  0.457,  0.512,  0.174,  0.513,  0.476,  0.165,  0.164,
0.003,  0.456,  0.176,  0.457,  0.513,  0.175,  0.513,  0.475,  0.165,  0.164,
0.003,  0.456,  0.176,  0.457,  0.513,  0.174,  0.514,  0.475,  0.165,  0.164,
0.002,  0.456,  0.176,  0.456,  0.513,  0.174,  0.515,  0.475,  0.165,  0.164,
0.002,  0.456,  0.176,  0.456,  0.512,  0.175,  0.516,  0.475,  0.165,  0.164,
0.002,  0.456,  0.176,  0.456,  0.512,  0.174,  0.517,  0.475,  0.165,  0.164,
0.001,  0.456,  0.176,  0.456,  0.512,  0.173,  0.517,  0.475,  0.165,  0.164,
0.001,  0.456,  0.177,  0.456,  0.512,  0.173,  0.516,  0.475,  0.165,  0.164,
0.001,  0.456,  0.176,  0.456,  0.512,  0.173,  0.515,  0.475,  0.165,  0.164,
0.001,  0.456,  0.177,  0.457,  0.512,  0.172,  0.515,  0.475,  0.165,  0.164,
0.001,  0.456,  0.177,  0.456,  0.512,  0.172,  0.515,  0.475,  0.165,  0.164,
0.001,  0.456,  0.177,  0.457,  0.512,  0.173,  0.514,  0.476,  0.165,  0.164,
0.001,  0.456,  0.177,  0.457,  0.512,  0.173,  0.513,  0.475,  0.165,  0.164,
0.001,  0.456,  0.176,  0.457,  0.512,  0.173,  0.514,  0.476,  0.165,  0.164,
0.001,  0.457,  0.177,  0.457,  0.512,  0.173,  0.514,  0.476,  0.165,  0.163,
0.001,  0.456,  0.177,  0.457,  0.512,  0.173,  0.513,  0.476,  0.165,  0.164,
0.002,  0.456,  0.177,  0.457,  0.512,  0.174,  0.513,  0.476,  0.165,  0.164,
0.004,  0.456,  0.177,  0.457,  0.512,  0.173,  0.512,  0.476,  0.165,  0.164,
0.006,  0.456,  0.177,  0.457,  0.512,  0.174,  0.513,  0.476,  0.165,  0.164,
0.010,  0.456,  0.176,  0.457,  0.513,  0.173,  0.514,  0.476,  0.165,  0.164,
0.013,  0.456,  0.176,  0.457,  0.513,  0.173,  0.515,  0.476,  0.165,  0.164,
0.017,  0.456,  0.176,  0.457,  0.513,  0.172,  0.515,  0.476,  0.165,  0.164,
0.021,  0.456,  0.176,  0.457,  0.513,  0.172,  0.514,  0.476,  0.165,  0.164,
0.026,  0.456,  0.176,  0.457,  0.513,  0.173,  0.515,  0.476,  0.165,  0.164,
0.031,  0.456,  0.176,  0.457,  0.512,  0.172,  0.514,  0.476,  0.165,  0.164,
0.037,  0.456,  0.176,  0.456,  0.512,  0.172,  0.515,  0.476,  0.165,  0.164,
0.042,  0.457,  0.176,  0.456,  0.512,  0.173,  0.515,  0.476,  0.165,  0.164,
0.048,  0.457,  0.176,  0.456,  0.512,  0.173,  0.514,  0.476,  0.165,  0.164,
0.054,  0.456,  0.176,  0.456,  0.512,  0.174,  0.515,  0.475,  0.165,  0.164,
0.060,  0.456,  0.177,  0.457,  0.512,  0.174,  0.515,  0.475,  0.165,  0.164,
0.066,  0.456,  0.176,  0.457,  0.512,  0.174,  0.515,  0.475,  0.165,  0.164,
0.073,  0.456,  0.177,  0.457,  0.512,  0.173,  0.514,  0.475,  0.165,  0.164,
0.080,  0.456,  0.176,  0.456,  0.512,  0.174,  0.514,  0.475,  0.165,  0.164,
0.086,  0.456,  0.176,  0.457,  0.512,  0.174,  0.513,  0.475,  0.165,  0.162,
0.093,  0.456,  0.176,  0.457,  0.512,  0.174,  0.513,  0.475,  0.165,  0.162,
0.100,  0.456,  0.176,  0.457,  0.512,  0.173,  0.513,  0.476,  0.165,  0.163,
0.107,  0.456,  0.176,  0.457,  0.512,  0.174,  0.513,  0.475,  0.165,  0.163,
0.114,  0.456,  0.176,  0.456,  0.512,  0.175,  0.513,  0.476,  0.165,  0.163,
0.124,  0.456,  0.176,  0.456,  0.512,  0.174,  0.514,  0.476,  0.165,  0.163,
0.138,  0.456,  0.176,  0.456,  0.512,  0.173,  0.515,  0.476,  0.165,  0.163,
0.156,  0.456,  0.176,  0.456,  0.512,  0.173,  0.516,  0.476,  0.165,  0.163,
0.176,  0.456,  0.176,  0.457,  0.512,  0.172,  0.515,  0.476,  0.165,  0.163,
0.198,  0.456,  0.176,  0.457,  0.512,  0.173,  0.516,  0.476,  0.165,  0.163,
0.222,  0.456,  0.176,  0.457,  0.512,  0.174,  0.517,  0.476,  0.165,  0.164,
0.246,  0.456,  0.176,  0.457,  0.512,  0.173,  0.516,  0.476,  0.165,  0.163,
0.271,  0.456,  0.176,  0.456,  0.512,  0.174,  0.517,  0.476,  0.165,  0.163,
0.295,  0.456,  0.176,  0.457,  0.512,  0.174,  0.517,  0.476,  0.165,  0.163,
0.319,  0.456,  0.176,  0.457,  0.512,  0.173,  0.516,  0.476,  0.165,  0.163,
0.343,  0.456,  0.176,  0.457,  0.512,  0.174,  0.517,  0.476,  0.165,  0.163,
0.367,  0.456,  0.176,  0.457,  0.512,  0.173,  0.516,  0.476,  0.165,  0.163,
0.391,  0.456,  0.176,  0.457,  0.512,  0.174,  0.517,  0.476,  0.165,  0.163,
0.415,  0.456,  0.177,  0.457,  0.512,  0.175,  0.516,  0.476,  0.165,  0.164,
0.438,  0.456,  0.177,  0.457,  0.512,  0.174,  0.517,  0.476,  0.165,  0.163,
0.459,  0.456,  0.177,  0.457,  0.512,  0.173,  0.516,  0.476,  0.165,  0.163,
0.479,  0.456,  0.177,  0.456,  0.512,  0.174,  0.516,  0.476,  0.165,  0.163,
0.497,  0.456,  0.177,  0.457,  0.512,  0.174,  0.516,  0.476,  0.165,  0.164,
0.512,  0.456,  0.177,  0.457,  0.512,  0.174,  0.515,  0.476,  0.165,  0.164,
0.524,  0.456,  0.176,  0.457,  0.512,  0.174,  0.516,  0.476,  0.165,  0.163,
0.532,  0.456,  0.176,  0.457,  0.512,  0.175,  0.516,  0.476,  0.165,  0.164,
0.536,  0.456,  0.176,  0.456,  0.512,  0.175,  0.515,  0.475,  0.165,  0.163,
0.534,  0.456,  0.176,  0.457,  0.512,  0.175,  0.514,  0.476,  0.165,  0.163,
0.528,  0.456,  0.177,  0.457,  0.512,  0.175,  0.514,  0.476,  0.165,  0.163,
0.516,  0.456,  0.176,  0.457,  0.512,  0.174,  0.514,  0.476,  0.165,  0.163,
0.501,  0.456,  0.177,  0.456,  0.512,  0.174,  0.514,  0.476,  0.165,  0.163,
0.483,  0.456,  0.176,  0.457,  0.512,  0.173,  0.513,  0.475,  0.165,  0.163,
0.461,  0.456,  0.177,  0.456,  0.512,  0.174,  0.514,  0.475,  0.165,  0.163,
0.437,  0.456,  0.177,  0.457,  0.512,  0.173,  0.513,  0.476,  0.165,  0.163,
0.408,  0.456,  0.176,  0.456,  0.512,  0.173,  0.513,  0.475,  0.165,  0.163,
0.377,  0.456,  0.177,  0.456,  0.512,  0.174,  0.513,  0.475,  0.165,  0.163,
0.349,  0.456,  0.176,  0.456,  0.512,  0.174,  0.514,  0.475,  0.165,  0.164,
0.323,  0.457,  0.177,  0.456,  0.512,  0.173,  0.515,  0.476,  0.165,  0.164,
0.298,  0.456,  0.177,  0.456,  0.512,  0.173,  0.515,  0.476,  0.165,  0.164,
0.275,  0.456,  0.176,  0.456,  0.512,  0.173,  0.516,  0.475,  0.165,  0.164,
0.254,  0.456,  0.176,  0.456,  0.512,  0.173,  0.515,  0.475,  0.165,  0.163,
0.234,  0.456,  0.176,  0.456,  0.512,  0.173,  0.515,  0.475,  0.165,  0.163,
0.215,  0.456,  0.176,  0.456,  0.512,  0.173,  0.515,  0.475,  0.165,  0.163,
0.197,  0.456,  0.176,  0.456,  0.512,  0.174,  0.515,  0.475,  0.165,  0.164,
0.180,  0.456,  0.176,  0.456,  0.512,  0.173,  0.515,  0.475,  0.165,  0.164,
0.164,  0.456,  0.176,  0.456,  0.512,  0.174,  0.514,  0.475,  0.165,  0.164,
0.149,  0.456,  0.176,  0.457,  0.512,  0.173,  0.514,  0.475,  0.165,  0.163,
0.135,  0.456,  0.176,  0.457,  0.512,  0.173,  0.513,  0.475,  0.165,  0.164,
0.122,  0.456,  0.176,  0.457,  0.512,  0.173,  0.513,  0.476,  0.165,  0.163,
0.111,  0.456,  0.176,  0.457,  0.513,  0.172,  0.513,  0.476,  0.165,  0.163,
0.100,  0.456,  0.176,  0.457,  0.512,  0.172,  0.512,  0.476,  0.165,  0.163,
0.090,  0.456,  0.176,  0.457,  0.512,  0.171,  0.513,  0.476,  0.165,  0.163,
0.081,  0.456,  0.176,  0.457,  0.512,  0.171,  0.513,  0.476,  0.165,  0.163,
0.073,  0.456,  0.176,  0.457,  0.512,  0.171,  0.515,  0.476,  0.165,  0.163,
0.066,  0.456,  0.176,  0.457,  0.512,  0.171,  0.515,  0.476,  0.165,  0.163,
0.059,  0.456,  0.177,  0.457,  0.512,  0.171,  0.514,  0.476,  0.165,  0.164,
0.053,  0.456,  0.176,  0.457,  0.512,  0.171,  0.514,  0.476,  0.165,  0.164,
0.047,  0.456,  0.176,  0.457,  0.512,  0.171,  0.513,  0.476,  0.165,  0.164,
0.042,  0.456,  0.176,  0.457,  0.512,  0.171,  0.513,  0.476,  0.165,  0.164,
0.039,  0.456,  0.176,  0.457,  0.512,  0.171,  0.512,  0.476,  0.165,  0.164,
0.036,  0.456,  0.176,  0.457,  0.512,  0.170,  0.512,  0.475,  0.165,  0.164,
0.036,  0.455,  0.176,  0.457,  0.512,  0.171,  0.513,  0.476,  0.165,  0.164,
0.036,  0.456,  0.176,  0.457,  0.512,  0.172,  0.513,  0.476,  0.165,  0.164,
0.039,  0.456,  0.176,  0.457,  0.512,  0.171,  0.512,  0.476,  0.165,  0.164,
0.042,  0.456,  0.176,  0.457,  0.512,  0.171,  0.513,  0.476,  0.165,  0.164,
0.047,  0.456,  0.176,  0.457,  0.512,  0.171,  0.513,  0.476,  0.165,  0.164,
0.052,  0.456,  0.176,  0.457,  0.513,  0.170,  0.513,  0.476,  0.165,  0.163,
0.057,  0.456,  0.176,  0.457,  0.512,  0.170,  0.514,  0.475,  0.165,  0.163,
0.063,  0.456,  0.176,  0.457,  0.512,  0.171,  0.515,  0.475,  0.165,  0.163,
0.069,  0.456,  0.176,  0.457,  0.513,  0.172,  0.515,  0.475,  0.165,  0.164,
0.076,  0.456,  0.177,  0.457,  0.513,  0.171,  0.516,  0.475,  0.165,  0.164,
0.082,  0.456,  0.177,  0.457,  0.512,  0.171,  0.515,  0.475,  0.165,  0.164,
0.089,  0.456,  0.176,  0.457,  0.512,  0.171,  0.515,  0.475,  0.165,  0.164,
0.096,  0.456,  0.176,  0.457,  0.513,  0.170,  0.515,  0.475,  0.165,  0.164,
0.103,  0.456,  0.176,  0.457,  0.513,  0.171,  0.516,  0.475,  0.165,  0.164,
0.110,  0.456,  0.176,  0.456,  0.512,  0.171,  0.515,  0.475,  0.165,  0.164,
0.117,  0.456,  0.176,  0.456,  0.512,  0.171,  0.516,  0.475,  0.165,  0.164,
0.128,  0.456,  0.176,  0.456,  0.512,  0.172,  0.515,  0.475,  0.165,  0.164,
0.142,  0.456,  0.176,  0.456,  0.512,  0.172,  0.514,  0.475,  0.165,  0.164,
0.158,  0.457,  0.176,  0.457,  0.512,  0.171,  0.514,  0.475,  0.165,  0.164,
0.173,  0.456,  0.176,  0.456,  0.512,  0.172,  0.513,  0.475,  0.165,  0.163,
0.188,  0.457,  0.176,  0.456,  0.512,  0.172,  0.512,  0.475,  0.165,  0.163,
0.201,  0.456,  0.176,  0.456,  0.512,  0.171,  0.513,  0.475,  0.165,  0.164,
0.212,  0.456,  0.176,  0.457,  0.512,  0.172,  0.514,  0.475,  0.165,  0.163,
0.222,  0.456,  0.176,  0.457,  0.512,  0.173,  0.513,  0.475,  0.165,  0.164,
0.230,  0.456,  0.176,  0.456,  0.512,  0.173,  0.514,  0.475,  0.165,  0.164,
0.238,  0.456,  0.176,  0.456,  0.512,  0.173,  0.515,  0.475,  0.165,  0.164,
0.244,  0.456,  0.176,  0.457,  0.512,  0.174,  0.514,  0.475,  0.165,  0.163,
0.250,  0.456,  0.176,  0.456,  0.512,  0.173,  0.515,  0.475,  0.165,  0.163,
0.255,  0.456,  0.176,  0.456,  0.512,  0.174,  0.516,  0.475,  0.165,  0.163,
0.259,  0.456,  0.176,  0.456,  0.513,  0.174,  0.516,  0.475,  0.165,  0.163,
0.263,  0.456,  0.176,  0.456,  0.513,  0.174,  0.515,  0.475,  0.165,  0.163,
0.266,  0.456,  0.177,  0.457,  0.513,  0.174,  0.515,  0.475,  0.165,  0.163,
0.269,  0.456,  0.176,  0.457,  0.513,  0.174,  0.514,  0.475,  0.165,  0.163,
0.272,  0.456,  0.176,  0.456,  0.513,  0.174,  0.515,  0.476,  0.165,  0.164,
0.274,  0.457,  0.176,  0.456,  0.513,  0.175,  0.514,  0.476,  0.165,  0.164,
0.276,  0.457,  0.176,  0.457,  0.513,  0.175,  0.514,  0.476,  0.165,  0.164,
0.278,  0.456,  0.176,  0.457,  0.513,  0.175,  0.513,  0.475,  0.165,  0.164,
0.280,  0.456,  0.176,  0.457,  0.513,  0.174,  0.513,  0.475,  0.165,  0.164,
0.281,  0.456,  0.176,  0.457,  0.513,  0.174,  0.513,  0.476,  0.165,  0.164,
0.282,  0.456,  0.176,  0.457,  0.513,  0.174,  0.512,  0.475,  0.165,  0.163,
0.283,  0.456,  0.176,  0.456,  0.512,  0.174,  0.512,  0.476,  0.165,  0.163,
0.284,  0.457,  0.176,  0.457,  0.512,  0.174,  0.513,  0.475,  0.165,  0.164,
0.284,  0.457,  0.177,  0.457,  0.512,  0.173,  0.514,  0.475,  0.164,  0.164,
0.285,  0.457,  0.176,  0.457,  0.512,  0.173,  0.513,  0.476,  0.165,  0.164,
0.286,  0.456,  0.176,  0.457,  0.512,  0.173,  0.514,  0.475,  0.165,  0.163,
0.286,  0.456,  0.177,  0.457,  0.512,  0.173,  0.514,  0.475,  0.165,  0.163,
0.287,  0.456,  0.176,  0.457,  0.512,  0.173,  0.514,  0.475,  0.165,  0.163,
0.287,  0.456,  0.176,  0.457,  0.512,  0.173,  0.515,  0.475,  0.165,  0.163,
0.288,  0.456,  0.176,  0.457,  0.512,  0.173,  0.515,  0.476,  0.165,  0.163,
0.288,  0.456,  0.176,  0.457,  0.512,  0.173,  0.515,  0.476,  0.165,  0.163,
0.288,  0.457,  0.176,  0.457,  0.512,  0.173,  0.515,  0.476,  0.165,  0.163,
0.288,  0.457,  0.176,  0.457,  0.512,  0.172,  0.514,  0.476,  0.165,  0.163,
0.288,  0.457,  0.176,  0.457,  0.512,  0.173,  0.515,  0.476,  0.165,  0.163,
0.289,  0.456,  0.176,  0.456,  0.512,  0.173,  0.514,  0.476,  0.165,  0.163,
0.289,  0.457,  0.176,  0.456,  0.512,  0.173,  0.513,  0.476,  0.165,  0.163,
0.289,  0.457,  0.176,  0.456,  0.512,  0.173,  0.513,  0.475,  0.165,  0.163,
0.289,  0.457,  0.176,  0.457,  0.512,  0.173,  0.514,  0.476,  0.165,  0.163,
0.289,  0.457,  0.177,  0.457,  0.512,  0.173,  0.513,  0.476,  0.165,  0.163,
0.290,  0.456,  0.176,  0.457,  0.512,  0.173,  0.514,  0.476,  0.165,  0.163,
0.290,  0.456,  0.177,  0.456,  0.512,  0.174,  0.514,  0.476,  0.165,  0.163,
0.290,  0.456,  0.177,  0.457,  0.512,  0.174,  0.514,  0.476,  0.165,  0.163,
0.290,  0.456,  0.176,  0.456,  0.512,  0.173,  0.515,  0.476,  0.165,  0.164,
0.290,  0.456,  0.176,  0.456,  0.512,  0.173,  0.514,  0.476,  0.165,  0.164,
0.290,  0.456,  0.176,  0.456,  0.512,  0.172,  0.514,  0.475,  0.165,  0.164,
0.290,  0.456,  0.176,  0.456,  0.512,  0.173,  0.513,  0.475,  0.165,  0.164,
0.290,  0.456,  0.176,  0.456,  0.512,  0.173,  0.514,  0.476,  0.165,  0.164,
0.291,  0.456,  0.176,  0.456,  0.512,  0.172,  0.515,  0.475,  0.165,  0.164,
0.290,  0.456,  0.177,  0.456,  0.512,  0.172,  0.515,  0.475,  0.165,  0.164,
0.290,  0.456,  0.177,  0.456,  0.512,  0.172,  0.516,  0.475,  0.165,  0.164,
0.290,  0.456,  0.177,  0.456,  0.512,  0.173,  0.515,  0.476,  0.165,  0.164,
0.290,  0.456,  0.176,  0.456,  0.512,  0.172,  0.514,  0.476,  0.165,  0.164,
0.290,  0.456,  0.177,  0.456,  0.512,  0.173,  0.514,  0.476,  0.165,  0.164,
0.290,  0.456,  0.177,  0.456,  0.512,  0.174,  0.515,  0.476,  0.165,  0.164,
0.290,  0.456,  0.176,  0.457,  0.513,  0.173,  0.515,  0.476,  0.165,  0.164,
0.290,  0.456,  0.176,  0.457,  0.513,  0.173,  0.515,  0.476,  0.165,  0.164,
0.290,  0.456,  0.176,  0.457,  0.512,  0.173,  0.515,  0.476,  0.165,  0.164,
0.290,  0.456,  0.176,  0.457,  0.512,  0.174,  0.515,  0.476,  0.165,  0.164,
0.290,  0.456,  0.176,  0.456,  0.512,  0.174,  0.516,  0.476,  0.165,  0.164,
0.290,  0.456,  0.176,  0.456,  0.512,  0.175,  0.516,  0.476,  0.165,  0.164,
0.290,  0.456,  0.176,  0.456,  0.512,  0.175,  0.515,  0.475,  0.165,  0.164,
0.290,  0.456,  0.176,  0.457,  0.512,  0.174,  0.515,  0.475,  0.165,  0.164,
0.290,  0.456,  0.176,  0.456,  0.512,  0.174,  0.515,  0.475,  0.165,  0.164,
0.290,  0.456,  0.176,  0.457,  0.512,  0.175,  0.516,  0.475,  0.165,  0.164,
0.290,  0.456,  0.176,  0.456,  0.512,  0.174,  0.517,  0.475,  0.165,  0.164,
0.290,  0.456,  0.176,  0.457,  0.512,  0.174,  0.517,  0.475,  0.165,  0.164,
0.290,  0.456,  0.176,  0.457,  0.512,  0.173,  0.517,  0.475,  0.165,  0.164,
0.290,  0.456,  0.176,  0.457,  0.512,  0.173,  0.518,  0.475,  0.165,  0.164,
0.290,  0.456,  0.176,  0.457,  0.512,  0.173,  0.517,  0.475,  0.165,  0.164,
0.290,  0.456,  0.176,  0.457,  0.512,  0.173,  0.516,  0.475,  0.165,  0.164,
0.290,  0.456,  0.176,  0.457,  0.512,  0.173,  0.515,  0.475,  0.165,  0.164,
0.290,  0.456,  0.176,  0.457,  0.512,  0.174,  0.514,  0.475,  0.165,  0.164,
0.290,  0.456,  0.176,  0.457,  0.512,  0.174,  0.515,  0.475,  0.165,  0.164,
0.290,  0.456,  0.176,  0.457,  0.513,  0.174,  0.514,  0.475,  0.165,  0.164,
0.290,  0.456,  0.176,  0.457,  0.513,  0.174,  0.515,  0.475,  0.165,  0.164,
0.290,  0.456,  0.176,  0.457,  0.513,  0.175,  0.515,  0.476,  0.165,  0.164,
0.291,  0.456,  0.176,  0.457,  0.513,  0.175,  0.514,  0.476,  0.165,  0.164,
0.290,  0.456,  0.176,  0.457,  0.512,  0.174,  0.515,  0.476,  0.165,  0.164,
0.291,  0.456,  0.176,  0.457,  0.512,  0.174,  0.514,  0.476,  0.165,  0.164,
0.291,  0.456,  0.176,  0.457,  0.512,  0.173,  0.514,  0.475,  0.165,  0.164,
0.291,  0.456,  0.176,  0.456,  0.512,  0.173,  0.513,  0.475,  0.165,  0.164,
0.291,  0.456,  0.176,  0.456,  0.513,  0.172,  0.512,  0.475,  0.165,  0.164,
0.291,  0.456,  0.176,  0.457,  0.512,  0.172,  0.512,  0.475,  0.165,  0.164,
0.291,  0.456,  0.176,  0.457,  0.512,  0.172,  0.511,  0.475,  0.165,  0.164,
0.291,  0.456,  0.176,  0.457,  0.512,  0.172,  0.511,  0.476,  0.165,  0.164,
0.291,  0.456,  0.177,  0.457,  0.512,  0.172,  0.512,  0.475,  0.165,  0.164,
0.291,  0.457,  0.177,  0.457,  0.512,  0.173,  0.512,  0.476,  0.165,  0.164,
0.291,  0.457,  0.177,  0.457,  0.512,  0.173,  0.511,  0.475,  0.165,  0.164,
0.291,  0.457,  0.177,  0.457,  0.512,  0.173,  0.511,  0.476,  0.165,  0.163,
0.291,  0.457,  0.177,  0.457,  0.513,  0.174,  0.511,  0.476,  0.165,  0.164,
0.291,  0.456,  0.177,  0.457,  0.513,  0.173,  0.511,  0.475,  0.165,  0.164,
0.291,  0.457,  0.176,  0.457,  0.512,  0.173,  0.512,  0.475,  0.165,  0.164,
0.291,  0.456,  0.176,  0.457,  0.512,  0.173,  0.511,  0.475,  0.165,  0.164,
0.291,  0.457,  0.176,  0.457,  0.512,  0.174,  0.511,  0.475,  0.165,  0.164,
0.291,  0.456,  0.176,  0.457,  0.512,  0.173,  0.513,  0.475,  0.165,  0.164,
0.291,  0.456,  0.176,  0.457,  0.512,  0.174,  0.512,  0.475,  0.165,  0.164,
0.291,  0.456,  0.176,  0.457,  0.512,  0.173,  0.512,  0.475,  0.165,  0.163,
0.291,  0.456,  0.176,  0.457,  0.512,  0.173,  0.512,  0.475,  0.165,  0.163,
0.291,  0.456,  0.176,  0.457,  0.512,  0.174,  0.513,  0.475,  0.165,  0.163,
0.291,  0.456,  0.176,  0.457,  0.512,  0.174,  0.512,  0.475,  0.165,  0.163,
0.291,  0.456,  0.176,  0.457,  0.512,  0.175,  0.514,  0.475,  0.165,  0.163,
0.290,  0.456,  0.177,  0.457,  0.512,  0.174,  0.515,  0.475,  0.165,  0.163,
0.290,  0.456,  0.177,  0.457,  0.512,  0.175,  0.516,  0.475,  0.165,  0.163,
0.290,  0.456,  0.177,  0.457,  0.512,  0.175,  0.516,  0.475,  0.165,  0.163,
0.290,  0.456,  0.177,  0.457,  0.512,  0.174,  0.516,  0.475,  0.165,  0.163,
0.290,  0.456,  0.177,  0.457,  0.513,  0.175,  0.516,  0.475,  0.165,  0.163,
0.290,  0.456,  0.177,  0.457,  0.513,  0.174,  0.517,  0.476,  0.165,  0.163,
0.290,  0.456,  0.177,  0.457,  0.513,  0.175,  0.517,  0.475,  0.165,  0.163,
0.290,  0.456,  0.177,  0.457,  0.513,  0.174,  0.516,  0.475,  0.165,  0.163,
0.291,  0.456,  0.177,  0.457,  0.513,  0.173,  0.515,  0.475,  0.165,  0.163,
0.291,  0.456,  0.177,  0.457,  0.513,  0.173,  0.515,  0.475,  0.165,  0.163,
0.291,  0.456,  0.177,  0.457,  0.512,  0.173,  0.514,  0.475,  0.165,  0.163,
0.290,  0.456,  0.177,  0.457,  0.512,  0.174,  0.514,  0.475,  0.165,  0.163,
0.291,  0.456,  0.177,  0.457,  0.513,  0.173,  0.515,  0.475,  0.165,  0.163,
0.290,  0.456,  0.176,  0.457,  0.512,  0.174,  0.516,  0.475,  0.165,  0.163,
0.290,  0.456,  0.176,  0.457,  0.512,  0.173,  0.515,  0.475,  0.165,  0.163,
0.291,  0.456,  0.176,  0.457,  0.512,  0.174,  0.516,  0.475,  0.165,  0.163,
0.291,  0.456,  0.176,  0.457,  0.512,  0.174,  0.516,  0.475,  0.165,  0.163,
0.291,  0.456,  0.176,  0.457,  0.512,  0.174,  0.516,  0.476,  0.165,  0.163,
0.291,  0.456,  0.176,  0.457,  0.512,  0.175,  0.516,  0.475,  0.165,  0.163,
0.290,  0.457,  0.176,  0.457,  0.512,  0.175,  0.515,  0.475,  0.165,  0.163,
0.290,  0.457,  0.176,  0.457,  0.512,  0.176,  0.516,  0.476,  0.165,  0.164,
0.291,  0.456,  0.176,  0.457,  0.513,  0.176,  0.515,  0.475,  0.165,  0.163,
0.290,  0.456,  0.176,  0.457,  0.513,  0.175,  0.516,  0.476,  0.165,  0.164,
0.290,  0.456,  0.176,  0.457,  0.513,  0.175,  0.516,  0.476,  0.164,  0.164,
0.290,  0.456,  0.176,  0.457,  0.513,  0.174,  0.516,  0.476,  0.165,  0.163,
0.290,  0.456,  0.176,  0.457,  0.513,  0.175,  0.516,  0.476,  0.165,  0.163,
0.290,  0.456,  0.176,  0.457,  0.513,  0.174,  0.516,  0.476,  0.165,  0.163,
0.290,  0.456,  0.176,  0.457,  0.513,  0.173,  0.517,  0.476,  0.165,  0.163,
0.290,  0.456,  0.176,  0.457,  0.512,  0.174,  0.516,  0.476,  0.164,  0.163,
0.290,  0.456,  0.176,  0.457,  0.512,  0.173,  0.515,  0.476,  0.164,  0.163,
0.290,  0.456,  0.176,  0.457,  0.512,  0.174,  0.514,  0.475,  0.164,  0.163,
0.290,  0.456,  0.176,  0.457,  0.512,  0.174,  0.514,  0.475,  0.164,  0.163,
0.290,  0.456,  0.176,  0.457,  0.512,  0.173,  0.513,  0.475,  0.165,  0.163,
0.290,  0.456,  0.176,  0.457,  0.512,  0.174,  0.513,  0.475,  0.165,  0.163,
0.290,  0.456,  0.176,  0.457,  0.512,  0.175,  0.514,  0.475,  0.164,  0.163,
0.290,  0.456,  0.176,  0.457,  0.512,  0.175,  0.515,  0.475,  0.165,  0.164,
0.290,  0.456,  0.176,  0.457,  0.512,  0.175,  0.515,  0.475,  0.165,  0.164,
0.290,  0.456,  0.176,  0.457,  0.512,  0.174,  0.515,  0.475,  0.165,  0.163,
0.290,  0.456,  0.176,  0.457,  0.512,  0.174,  0.515,  0.475,  0.165,  0.164,
0.290,  0.456,  0.176,  0.457,  0.512,  0.174,  0.516,  0.475,  0.165,  0.163,
0.290,  0.456,  0.176,  0.457,  0.512,  0.174,  0.516,  0.475,  0.165,  0.164,
0.290,  0.456,  0.176,  0.457,  0.512,  0.174,  0.515,  0.475,  0.165,  0.164,
0.290,  0.456,  0.176,  0.457,  0.512,  0.174,  0.515,  0.475,  0.165,  0.164,
0.290,  0.456,  0.176,  0.457,  0.512,  0.175,  0.515,  0.476,  0.165,  0.164,
0.290,  0.456,  0.176,  0.457,  0.512,  0.175,  0.516,  0.476,  0.165,  0.164,
0.290,  0.456,  0.176,  0.457,  0.512,  0.175,  0.516,  0.476,  0.165,  0.163,
0.290,  0.456,  0.176,  0.457,  0.512,  0.175,  0.514,  0.476,  0.165,  0.163,
0.290,  0.457,  0.176,  0.457,  0.512,  0.174,  0.514,  0.476,  0.165,  0.163,
0.290,  0.457,  0.176,  0.457,  0.512,  0.175,  0.514,  0.476,  0.165,  0.163,
0.290,  0.457,  0.176,  0.457,  0.512,  0.175,  0.515,  0.476,  0.165,  0.163,
0.290,  0.457,  0.176,  0.457,  0.512,  0.175,  0.515,  0.476,  0.165,  0.163,
0.290,  0.457,  0.176,  0.457,  0.512,  0.174,  0.515,  0.476,  0.165,  0.163,
0.290,  0.457,  0.176,  0.457,  0.512,  0.175,  0.514,  0.476,  0.165,  0.163,
0.290,  0.456,  0.176,  0.457,  0.512,  0.175,  0.515,  0.476,  0.165,  0.163,
0.290,  0.457,  0.176,  0.457,  0.512,  0.175,  0.516,  0.476,  0.165,  0.163,
0.290,  0.457,  0.176,  0.457,  0.512,  0.175,  0.515,  0.476,  0.165,  0.164,
0.290,  0.457,  0.176,  0.457,  0.512,  0.175,  0.515,  0.476,  0.164,  0.164,
0.290,  0.456,  0.176,  0.457,  0.512,  0.175,  0.516,  0.476,  0.165,  0.163,
0.290,  0.456,  0.177,  0.457,  0.512,  0.175,  0.516,  0.476,  0.165,  0.164,
0.290,  0.456,  0.177,  0.457,  0.512,  0.174,  0.517,  0.476,  0.165,  0.164,
0.290,  0.456,  0.176,  0.457,  0.512,  0.173,  0.516,  0.476,  0.165,  0.164,
0.290,  0.456,  0.176,  0.457,  0.512,  0.173,  0.515,  0.476,  0.165,  0.164,
0.290,  0.456,  0.176,  0.457,  0.512,  0.172,  0.514,  0.476,  0.165,  0.163,
0.290,  0.456,  0.177,  0.457,  0.513,  0.172,  0.514,  0.476,  0.165,  0.163,
0.290,  0.456,  0.176,  0.457,  0.513,  0.172,  0.514,  0.476,  0.165,  0.164,
0.290,  0.457,  0.176,  0.457,  0.513,  0.172,  0.513,  0.475,  0.165,  0.164,
0.290,  0.457,  0.176,  0.457,  0.513,  0.172,  0.514,  0.475,  0.165,  0.164,
0.290,  0.457,  0.176,  0.457,  0.513,  0.173,  0.515,  0.475,  0.165,  0.163,
0.291,  0.457,  0.177,  0.457,  0.513,  0.172,  0.515,  0.475,  0.165,  0.163,
0.291,  0.456,  0.176,  0.457,  0.513,  0.173,  0.514,  0.475,  0.165,  0.163,
0.291,  0.456,  0.176,  0.457,  0.513,  0.174,  0.515,  0.475,  0.165,  0.163,
0.291,  0.456,  0.176,  0.457,  0.513,  0.174,  0.515,  0.476,  0.165,  0.163,
0.291,  0.456,  0.176,  0.457,  0.513,  0.174,  0.515,  0.475,  0.165,  0.164,
0.291,  0.456,  0.176,  0.457,  0.513,  0.174,  0.514,  0.475,  0.165,  0.164,
0.291,  0.456,  0.176,  0.457,  0.513,  0.173,  0.514,  0.475,  0.165,  0.164,
0.291,  0.457,  0.176,  0.457,  0.513,  0.174,  0.513,  0.475,  0.165,  0.164,
0.291,  0.457,  0.176,  0.457,  0.513,  0.174,  0.512,  0.475,  0.165,  0.164,
0.291,  0.456,  0.176,  0.457,  0.513,  0.173,  0.512,  0.475,  0.165,  0.164,
0.291,  0.456,  0.176,  0.457,  0.513,  0.173,  0.512,  0.475,  0.165,  0.164,
0.291,  0.457,  0.176,  0.457,  0.512,  0.174,  0.512,  0.475,  0.165,  0.164,
0.291,  0.456,  0.176,  0.457,  0.512,  0.173,  0.512,  0.475,  0.165,  0.164,
0.291,  0.457,  0.176,  0.457,  0.513,  0.174,  0.513,  0.476,  0.165,  0.164,
0.291,  0.457,  0.176,  0.457,  0.512,  0.174,  0.512,  0.475,  0.165,  0.164,
0.291,  0.457,  0.176,  0.457,  0.513,  0.174,  0.512,  0.475,  0.165,  0.164,
0.291,  0.457,  0.176,  0.457,  0.513,  0.174,  0.512,  0.475,  0.165,  0.164,
0.291,  0.457,  0.176,  0.457,  0.513,  0.168,  0.511,  0.476,  0.165,  0.164,
0.291,  0.456,  0.176,  0.457,  0.513,  0.168,  0.511,  0.476,  0.165,  0.164,
0.291,  0.456,  0.176,  0.457,  0.513,  0.169,  0.511,  0.475,  0.165,  0.164,
0.291,  0.456,  0.176,  0.457,  0.513,  0.170,  0.512,  0.475,  0.165,  0.164,
0.291,  0.456,  0.176,  0.457,  0.513,  0.171,  0.512,  0.475,  0.165,  0.164,
0.291,  0.456,  0.176,  0.457,  0.513,  0.171,  0.513,  0.475,  0.165,  0.164,
0.291,  0.456,  0.176,  0.457,  0.513,  0.171,  0.514,  0.475,  0.165,  0.164,
0.291,  0.456,  0.177,  0.457,  0.513,  0.172,  0.513,  0.475,  0.165,  0.164,
0.291,  0.456,  0.177,  0.457,  0.513,  0.172,  0.514,  0.475,  0.165,  0.164,
0.291,  0.456,  0.177,  0.457,  0.513,  0.173,  0.515,  0.475,  0.165,  0.163,
0.291,  0.456,  0.177,  0.457,  0.512,  0.173,  0.515,  0.476,  0.165,  0.163,
0.290,  0.456,  0.177,  0.457,  0.512,  0.173,  0.514,  0.475,  0.165,  0.163,
0.290,  0.456,  0.177,  0.457,  0.512,  0.173,  0.515,  0.476,  0.164,  0.164,
0.291,  0.456,  0.177,  0.457,  0.512,  0.173,  0.516,  0.476,  0.164,  0.164,
0.291,  0.456,  0.177,  0.457,  0.512,  0.173,  0.515,  0.476,  0.164,  0.164,
0.291,  0.456,  0.177,  0.457,  0.512,  0.173,  0.514,  0.475,  0.164,  0.164,
0
